# subgrafo induzido pelos 100 primeiros vértices de um BFS sem sentido
# dataset: data/raw/twitter_combined.txt
# semente-rng: 2026
# semente: 307642294
# N: 100
# arestas: 1920
5442012 15913
5442012 14038862
5442012 14180231
5442012 15853668
5442012 17564647
5442012 17586739
5442012 17632072
5442012 18581803
5442012 20273398
5442012 20323999
5442012 20471349
5442012 21075893
5442012 22273748
5442012 25827166
5442012 25952851
5442012 28281437
5442012 28478859
5442012 28719244
5442012 28775296
5442012 28960709
5442012 30680870
5442012 41937748
5442012 44234944
5442012 45509346
5442012 47495471
5442012 48485771
5442012 52559331
5442012 54514600
5442012 59804598
5442012 61853583
5442012 63644892
5442012 72156360
5442012 75914648
5442012 82969251
5442012 84052794
5442012 86852135
5442012 95109615
5442012 105150583
5442012 117541123
5442012 121258930
5442012 144723989
5442012 146155608
5442012 146320301
5442012 146350964
5442012 151711230
5442012 152435436
5442012 179524189
5442012 195795250
5442012 198876913
5442012 200212364
5442012 207752295
5442012 238308325
5442012 245394117
5442012 259074185
5442012 270076706
5442012 278062722
5442012 306445007
5442012 307642294
5442012 309325161
5442012 309366491
5442012 310233571
5442012 324061899
5442012 341840097
5442012 343042051
5442012 355637036
5442012 356447837
5442012 365904984
5442012 401029555
5442012 411273721
5442012 416718047
5442012 421848829
5442012 422950468
5442012 446023451
5442012 466645680
5442012 499839056
5442012 529658284
14038862 15913
14038862 5442012
14038862 14180231
14038862 20273398
14038862 22679419
14038862 25952851
14038862 48485771
14038862 59804598
14038862 146155608
14180231 15913
14180231 5442012
14180231 14038862
14180231 17632072
14180231 18581803
14180231 20471349
14180231 25952851
14180231 28478859
14180231 47495471
14180231 48485771
14180231 71606873
14180231 200212364
14180231 211614808
14180231 307642294
14180231 341840097
15853668 5442012
15853668 22679419
15853668 48485771
15853668 144723989
15853668 146155608
17564647 5442012
17564647 17586739
17564647 20471349
17564647 21075893
17564647 24542441
17564647 36850842
17564647 40329238
17564647 47495471
17564647 59804598
17564647 61853583
17564647 71606873
17564647 84672379
17564647 87044829
17564647 105150583
17564647 105895378
17564647 127935456
17564647 134979402
17564647 146155608
17564647 146350964
17564647 211614808
17564647 238308325
17564647 240063501
17564647 245394117
17564647 278062722
17564647 284174632
17564647 296242468
17564647 307642294
17564647 309325161
17564647 310233571
17564647 322822476
17564647 341603426
17564647 341840097
17564647 356447837
17564647 374949999
17564647 384621304
17564647 417927586
17564647 446023451
17564647 499839056
17586739 15913
17586739 14038862
17586739 17564647
17586739 20323999
17586739 25827166
17586739 28281437
17586739 28719244
17586739 30680870
17586739 45509346
17586739 47495471
17586739 48485771
17586739 54514600
17586739 117541123
17586739 121258930
17586739 146155608
17586739 146320301
17586739 179524189
17586739 198876913
17586739 207752295
17586739 238308325
17586739 259074185
17586739 306445007
17586739 307642294
17586739 309325161
17586739 411273721
17586739 416718047
17586739 499839056
17632072 15913
17632072 5442012
17632072 14038862
17632072 14180231
17632072 18581803
17632072 20273398
17632072 20471349
17632072 22273748
17632072 22679419
17632072 25827166
17632072 25952851
17632072 28719244
17632072 47495471
17632072 48485771
17632072 59804598
17632072 84672379
17632072 121258930
17632072 146155608
17632072 151711230
17632072 198876913
17632072 200212364
17632072 250831586
17632072 259074185
17632072 307642294
17632072 309366491
17632072 322822476
17632072 365904984
18581803 15913
18581803 5442012
18581803 14038862
18581803 14180231
18581803 15853668
18581803 17632072
18581803 20273398
18581803 20471349
18581803 22273748
18581803 22679419
18581803 25952851
18581803 26422087
18581803 28281437
18581803 28478859
18581803 28719244
18581803 28960709
18581803 45509346
18581803 47495471
18581803 48485771
18581803 59804598
18581803 61853583
18581803 71606873
18581803 117541123
18581803 121258930
18581803 144723989
18581803 146155608
18581803 146350964
18581803 198876913
18581803 200212364
18581803 207752295
18581803 250831586
18581803 307642294
18581803 309366491
18581803 341840097
18581803 342279134
18581803 356447837
20273398 15913
20273398 5442012
20273398 14038862
20273398 15853668
20273398 18581803
20273398 22679419
20273398 45509346
20273398 48485771
20273398 59804598
20273398 121258930
20273398 146320301
20273398 200212364
20273398 307642294
20323999 15913
20323999 5442012
20323999 17586739
20323999 41937748
20323999 45509346
20323999 47495471
20323999 48485771
20323999 72156360
20323999 146155608
20323999 152435436
20323999 259074185
20323999 278062722
20323999 307642294
20323999 341840097
20323999 343042051
20323999 411273721
20471349 14180231
20471349 17564647
20471349 17632072
20471349 18581803
20471349 24542441
20471349 26422087
20471349 28478859
20471349 28960709
20471349 36850842
20471349 40329238
20471349 47495471
20471349 72156360
20471349 84672379
20471349 87044829
20471349 105150583
20471349 105895378
20471349 121258930
20471349 127935456
20471349 146155608
20471349 146350964
20471349 207752295
20471349 211614808
20471349 238308325
20471349 240063501
20471349 245394117
20471349 284174632
20471349 296242468
20471349 309325161
20471349 309366491
20471349 310233571
20471349 322822476
20471349 341840097
20471349 356447837
20471349 446023451
20471349 529658284
21075893 17564647
21075893 87044829
21075893 105895378
21075893 127935456
21075893 146350964
21075893 211614808
21075893 238308325
21075893 240063501
21075893 245394117
21075893 307642294
21075893 309325161
21075893 356447837
21075893 384621304
21075893 446023451
22273748 15913
22273748 5442012
22273748 15853668
22273748 17632072
22273748 25827166
22273748 25952851
22273748 28719244
22273748 48485771
22273748 86852135
22273748 146320301
22273748 151711230
22273748 270076706
22273748 309366491
22273748 365904984
22679419 5442012
22679419 14038862
22679419 15853668
22679419 17632072
22679419 20273398
22679419 28281437
22679419 28719244
22679419 28960709
22679419 48485771
22679419 59804598
22679419 61853583
22679419 146155608
22679419 207752295
22679419 307642294
24542441 15913
24542441 17564647
24542441 25952851
24542441 26422087
24542441 84672379
24542441 87044829
24542441 134979402
24542441 284174632
24542441 296242468
24542441 307642294
24542441 309325161
24542441 341603426
24542441 374949999
24542441 384621304
24542441 529658284
25827166 15853668
25827166 22273748
25827166 28719244
25827166 48485771
25827166 75914648
25827166 86852135
25827166 144723989
25827166 146155608
25827166 151711230
25827166 307642294
25827166 365904984
25827166 416718047
25952851 15913
25952851 5442012
25952851 14180231
25952851 15853668
25952851 17632072
25952851 18581803
25952851 22273748
25952851 22679419
25952851 28719244
25952851 28960709
25952851 48485771
25952851 59804598
25952851 84672379
25952851 86852135
25952851 144723989
25952851 200212364
25952851 307642294
25952851 309366491
25952851 416718047
26422087 18581803
26422087 20471349
26422087 22679419
26422087 24542441
26422087 284174632
26422087 296242468
26422087 307642294
26422087 309366491
26422087 374949999
26422087 529658284
28281437 14038862
28281437 17586739
28281437 18581803
28281437 22679419
28281437 47495471
28281437 48485771
28281437 59804598
28281437 105150583
28281437 121258930
28281437 146155608
28281437 307642294
28478859 5442012
28478859 14180231
28478859 18581803
28478859 20471349
28478859 105895378
28478859 245394117
28478859 307642294
28478859 309325161
28478859 341840097
28478859 384621304
28478859 417927586
28478859 446023451
28719244 5442012
28719244 22273748
28719244 22679419
28719244 25827166
28719244 25952851
28719244 48485771
28719244 52559331
28719244 75914648
28719244 86852135
28719244 146155608
28719244 151711230
28719244 200212364
28719244 306445007
28719244 307642294
28719244 365904984
28719244 401029555
28719244 416718047
28775296 15913
28775296 5442012
28775296 14038862
28775296 15853668
28775296 22273748
28775296 22679419
28775296 48485771
28775296 59804598
28775296 117541123
28775296 121258930
28775296 146155608
28775296 198876913
28775296 200212364
28775296 306445007
28775296 309366491
28775296 365904984
28775296 421848829
28960709 15913
28960709 15853668
28960709 18581803
28960709 20273398
28960709 25952851
28960709 144723989
30680870 15913
30680870 5442012
30680870 14038862
30680870 15853668
30680870 17586739
30680870 22273748
30680870 22679419
30680870 25827166
30680870 28719244
30680870 28775296
30680870 41937748
30680870 45509346
30680870 48485771
30680870 52559331
30680870 54514600
30680870 61853583
30680870 75914648
30680870 86852135
30680870 95109615
30680870 117541123
30680870 121258930
30680870 146155608
30680870 146320301
30680870 151711230
30680870 152435436
30680870 179524189
30680870 198876913
30680870 200212364
30680870 207752295
30680870 259074185
30680870 306445007
30680870 307642294
30680870 324061899
30680870 355637036
30680870 365904984
30680870 401029555
30680870 416718047
30680870 421848829
30680870 422950468
30680870 466645680
36850842 17564647
36850842 20471349
36850842 59804598
36850842 87044829
36850842 105895378
36850842 127935456
36850842 134979402
36850842 211614808
36850842 238308325
36850842 284174632
36850842 296242468
36850842 307642294
36850842 309325161
36850842 322822476
36850842 384621304
40329238 17564647
40329238 20471349
40329238 59804598
40329238 87044829
40329238 105895378
40329238 127935456
40329238 211614808
40329238 238308325
40329238 240063501
40329238 307642294
40329238 309325161
40329238 322822476
40329238 356447837
40329238 384621304
41937748 15913
41937748 5442012
41937748 17632072
41937748 20323999
41937748 28719244
41937748 45509346
41937748 48485771
41937748 59804598
41937748 61853583
41937748 63644892
41937748 72156360
41937748 117541123
41937748 121258930
41937748 146155608
41937748 152435436
41937748 179524189
41937748 198876913
41937748 270076706
41937748 307642294
41937748 324061899
44234944 15913
44234944 5442012
44234944 48485771
44234944 59804598
44234944 121258930
44234944 146155608
44234944 411273721
45509346 15913
45509346 5442012
45509346 14038862
45509346 17586739
45509346 20273398
45509346 20323999
45509346 28719244
45509346 30680870
45509346 41937748
45509346 47495471
45509346 48485771
45509346 54514600
45509346 59804598
45509346 61853583
45509346 72156360
45509346 75914648
45509346 117541123
45509346 121258930
45509346 146155608
45509346 152435436
45509346 179524189
45509346 198876913
45509346 200212364
45509346 207752295
45509346 306445007
45509346 307642294
45509346 341840097
45509346 343042051
45509346 355637036
45509346 401029555
45509346 411273721
45509346 417927586
47495471 15913
47495471 5442012
47495471 14038862
47495471 14180231
47495471 17586739
47495471 17632072
47495471 18581803
47495471 20323999
47495471 20471349
47495471 22679419
47495471 28281437
47495471 28719244
47495471 45509346
47495471 48485771
47495471 59804598
47495471 61853583
47495471 105150583
47495471 121258930
47495471 146155608
47495471 146320301
47495471 198876913
47495471 207752295
47495471 211614808
47495471 259074185
47495471 307642294
47495471 309325161
47495471 324061899
47495471 343042051
47495471 411273721
47495471 417927586
47495471 499839056
48485771 15913
48485771 5442012
48485771 20273398
48485771 61853583
48485771 121258930
48485771 146155608
52559331 5442012
52559331 22273748
52559331 25827166
52559331 28719244
52559331 30680870
52559331 48485771
52559331 54514600
52559331 84052794
52559331 95109615
52559331 121258930
52559331 146155608
52559331 146320301
52559331 179524189
52559331 198876913
52559331 200212364
52559331 307642294
52559331 324061899
52559331 355637036
52559331 365904984
52559331 401029555
52559331 422950468
52559331 466645680
54514600 15913
54514600 5442012
54514600 17586739
54514600 30680870
54514600 45509346
54514600 48485771
54514600 52559331
54514600 121258930
54514600 146155608
54514600 198876913
54514600 307642294
54514600 422950468
59804598 15913
59804598 14038862
59804598 17632072
59804598 18581803
59804598 20273398
59804598 25952851
59804598 28719244
59804598 36850842
59804598 40329238
59804598 41937748
59804598 47495471
59804598 48485771
59804598 63644892
59804598 84672379
59804598 117541123
59804598 121258930
59804598 152435436
59804598 238308325
59804598 270076706
59804598 307642294
59804598 309325161
59804598 322822476
59804598 356447837
61853583 5442012
61853583 15853668
61853583 20323999
61853583 22273748
61853583 25827166
61853583 28719244
61853583 30680870
61853583 48485771
61853583 121258930
61853583 146155608
61853583 151711230
61853583 198876913
61853583 207752295
61853583 278062722
61853583 306445007
61853583 309366491
61853583 365904984
63644892 15913
63644892 5442012
63644892 22679419
63644892 41937748
63644892 48485771
63644892 59804598
63644892 121258930
63644892 146155608
63644892 307642294
71606873 14180231
71606873 309325161
72156360 15913
72156360 5442012
72156360 20323999
72156360 20471349
72156360 41937748
72156360 45509346
72156360 48485771
72156360 117541123
72156360 121258930
72156360 146155608
72156360 259074185
72156360 307642294
72156360 341840097
72156360 411273721
72156360 417927586
75914648 15913
75914648 5442012
75914648 15853668
75914648 22273748
75914648 25827166
75914648 28719244
75914648 30680870
75914648 45509346
75914648 48485771
75914648 86852135
75914648 95109615
75914648 117541123
75914648 121258930
75914648 146155608
75914648 146320301
75914648 146350964
75914648 151711230
75914648 195795250
75914648 200212364
75914648 211614808
75914648 270076706
75914648 307642294
75914648 324061899
75914648 355637036
75914648 365904984
75914648 401029555
75914648 416718047
75914648 466645680
82969251 15913
82969251 5442012
82969251 17632072
82969251 28719244
82969251 47495471
82969251 48485771
82969251 59804598
82969251 121258930
82969251 146155608
82969251 146320301
82969251 307642294
84052794 15913
84052794 5442012
84052794 14038862
84052794 15853668
84052794 48485771
84052794 52559331
84052794 75914648
84052794 121258930
84052794 146155608
84052794 146320301
84052794 200212364
84052794 307642294
84052794 401029555
84052794 422950468
84052794 466645680
84672379 17632072
84672379 20471349
84672379 24542441
84672379 25952851
84672379 59804598
84672379 87044829
84672379 134979402
84672379 146350964
84672379 284174632
84672379 296242468
84672379 307642294
84672379 309325161
84672379 322822476
84672379 341603426
86852135 15913
86852135 5442012
86852135 15853668
86852135 22273748
86852135 25827166
86852135 25952851
86852135 28719244
86852135 48485771
86852135 75914648
86852135 121258930
86852135 146155608
86852135 151711230
86852135 270076706
86852135 307642294
86852135 365904984
86852135 416718047
87044829 17564647
87044829 20471349
87044829 21075893
87044829 24542441
87044829 36850842
87044829 40329238
87044829 84672379
87044829 105895378
87044829 127935456
87044829 134979402
87044829 146350964
87044829 211614808
87044829 238308325
87044829 240063501
87044829 245394117
87044829 284174632
87044829 296242468
87044829 307642294
87044829 309325161
87044829 322822476
87044829 341603426
87044829 356447837
87044829 374949999
87044829 384621304
95109615 15913
95109615 5442012
95109615 15853668
95109615 22273748
95109615 25827166
95109615 28719244
95109615 30680870
95109615 48485771
95109615 52559331
95109615 75914648
95109615 84052794
95109615 86852135
95109615 121258930
95109615 146155608
95109615 146320301
95109615 195795250
95109615 198876913
95109615 307642294
95109615 324061899
95109615 355637036
95109615 365904984
95109615 401029555
95109615 416718047
95109615 422950468
95109615 466645680
105150583 5442012
105150583 14180231
105150583 17564647
105150583 17586739
105150583 18581803
105150583 20323999
105150583 20471349
105150583 21075893
105150583 28281437
105150583 28478859
105150583 45509346
105150583 47495471
105150583 61853583
105150583 71606873
105150583 72156360
105150583 105895378
105150583 121258930
105150583 127935456
105150583 146155608
105150583 198876913
105150583 207752295
105150583 211614808
105150583 238308325
105150583 245394117
105150583 259074185
105150583 278062722
105150583 306445007
105150583 307642294
105150583 309325161
105150583 310233571
105150583 341840097
105150583 356447837
105150583 384621304
105150583 411273721
105150583 417927586
105150583 446023451
105150583 499839056
105895378 17564647
105895378 17586739
105895378 20471349
105895378 21075893
105895378 28478859
105895378 36850842
105895378 40329238
105895378 84672379
105895378 87044829
105895378 105150583
105895378 127935456
105895378 131490551
105895378 146350964
105895378 211614808
105895378 238308325
105895378 240063501
105895378 245394117
105895378 284174632
105895378 296242468
105895378 307642294
105895378 309325161
105895378 310233571
105895378 322822476
105895378 341840097
105895378 356447837
105895378 384621304
105895378 417927586
105895378 446023451
117541123 15913
117541123 5442012
117541123 15853668
117541123 17586739
117541123 18581803
117541123 22273748
117541123 22679419
117541123 28719244
117541123 28775296
117541123 30680870
117541123 41937748
117541123 45509346
117541123 48485771
117541123 54514600
117541123 59804598
117541123 61853583
117541123 72156360
117541123 75914648
117541123 121258930
117541123 146155608
117541123 146320301
117541123 152435436
117541123 198876913
117541123 200212364
117541123 207752295
117541123 259074185
117541123 306445007
117541123 307642294
117541123 309366491
117541123 324061899
117541123 355637036
117541123 365904984
117541123 401029555
117541123 416718047
117541123 421848829
117541123 422950468
117541123 499839056
121258930 5442012
121258930 48485771
121258930 146155608
127935456 17564647
127935456 20471349
127935456 21075893
127935456 36850842
127935456 40329238
127935456 59804598
127935456 87044829
127935456 105150583
127935456 105895378
127935456 131490551
127935456 146350964
127935456 211614808
127935456 238308325
127935456 240063501
127935456 245394117
127935456 307642294
127935456 309325161
127935456 310233571
127935456 322822476
127935456 341840097
127935456 356447837
127935456 374949999
127935456 384621304
127935456 417927586
131490551 105895378
131490551 127935456
131490551 238308325
131490551 307642294
134979402 15913
134979402 36850842
134979402 84672379
134979402 87044829
134979402 307642294
134979402 309325161
134979402 341603426
144723989 15853668
144723989 18581803
144723989 28960709
144723989 121258930
144723989 309366491
146155608 15913
146155608 5442012
146155608 48485771
146155608 121258930
146320301 5442012
146320301 14038862
146320301 17586739
146320301 20273398
146320301 22273748
146320301 25827166
146320301 28719244
146320301 30680870
146320301 47495471
146320301 48485771
146320301 52559331
146320301 75914648
146320301 82969251
146320301 84052794
146320301 95109615
146320301 117541123
146320301 121258930
146320301 146155608
146320301 151711230
146320301 250831586
146320301 270076706
146320301 307642294
146320301 324061899
146320301 355637036
146320301 401029555
146320301 416718047
146320301 466645680
146350964 15913
146350964 5442012
146350964 17564647
146350964 18581803
146350964 20471349
146350964 21075893
146350964 22679419
146350964 48485771
146350964 75914648
146350964 84672379
146350964 87044829
146350964 105895378
146350964 121258930
146350964 127935456
146350964 146155608
146350964 211614808
146350964 238308325
146350964 240063501
146350964 245394117
146350964 284174632
146350964 296242468
146350964 307642294
146350964 309325161
146350964 322822476
146350964 356447837
146350964 384621304
151711230 15913
151711230 5442012
151711230 15853668
151711230 22273748
151711230 25827166
151711230 28719244
151711230 48485771
151711230 61853583
151711230 75914648
151711230 86852135
151711230 146320301
151711230 198876913
151711230 200212364
151711230 250831586
151711230 270076706
151711230 307642294
151711230 309366491
151711230 365904984
151711230 401029555
151711230 416718047
152435436 15913
152435436 5442012
152435436 18581803
152435436 48485771
152435436 59804598
152435436 121258930
152435436 146155608
152435436 179524189
152435436 198876913
152435436 207752295
152435436 250831586
179524189 15913
179524189 5442012
179524189 14038862
179524189 28719244
179524189 30680870
179524189 41937748
179524189 45509346
179524189 48485771
179524189 52559331
179524189 121258930
179524189 146155608
179524189 152435436
179524189 198876913
179524189 200212364
179524189 207752295
179524189 324061899
179524189 421848829
195795250 15913
195795250 5442012
195795250 14038862
195795250 15853668
195795250 22273748
195795250 25827166
195795250 28719244
195795250 48485771
195795250 75914648
195795250 86852135
195795250 95109615
195795250 121258930
195795250 146155608
195795250 151711230
195795250 198876913
195795250 200212364
195795250 270076706
195795250 355637036
195795250 365904984
195795250 416718047
195795250 466645680
198876913 15913
198876913 5442012
198876913 14038862
198876913 15853668
198876913 17586739
198876913 17632072
198876913 18581803
198876913 22273748
198876913 22679419
198876913 28719244
198876913 28775296
198876913 30680870
198876913 45509346
198876913 48485771
198876913 52559331
198876913 54514600
198876913 59804598
198876913 61853583
198876913 86852135
198876913 117541123
198876913 121258930
198876913 146155608
198876913 151711230
198876913 152435436
198876913 179524189
198876913 195795250
198876913 200212364
198876913 207752295
198876913 306445007
198876913 324061899
198876913 365904984
198876913 411273721
198876913 416718047
198876913 421848829
198876913 422950468
198876913 466645680
198876913 499839056
200212364 15913
200212364 5442012
200212364 14180231
200212364 15853668
200212364 17632072
200212364 18581803
200212364 20273398
200212364 22273748
200212364 22679419
200212364 25952851
200212364 28719244
200212364 30680870
200212364 48485771
200212364 52559331
200212364 59804598
200212364 75914648
200212364 86852135
200212364 121258930
200212364 146155608
200212364 151711230
200212364 152435436
200212364 179524189
200212364 198876913
200212364 207752295
200212364 270076706
200212364 306445007
200212364 309366491
200212364 365904984
200212364 422950468
207752295 15913
207752295 5442012
207752295 14180231
207752295 15853668
207752295 18581803
207752295 20471349
207752295 22273748
207752295 22679419
207752295 28719244
207752295 30680870
207752295 45509346
207752295 47495471
207752295 48485771
207752295 59804598
207752295 61853583
207752295 71606873
207752295 121258930
207752295 146155608
207752295 151711230
207752295 152435436
207752295 179524189
207752295 198876913
207752295 200212364
207752295 259074185
207752295 307642294
207752295 309366491
207752295 411273721
211614808 5442012
211614808 14180231
211614808 17564647
211614808 20471349
211614808 21075893
211614808 28478859
211614808 36850842
211614808 40329238
211614808 47495471
211614808 59804598
211614808 71606873
211614808 75914648
211614808 87044829
211614808 105150583
211614808 105895378
211614808 127935456
211614808 146155608
211614808 146350964
211614808 238308325
211614808 240063501
211614808 245394117
211614808 250831586
211614808 284174632
211614808 296242468
211614808 307642294
211614808 309325161
211614808 310233571
211614808 322822476
211614808 341840097
211614808 356447837
211614808 384621304
211614808 411273721
211614808 417927586
211614808 446023451
238308325 5442012
238308325 14180231
238308325 17564647
238308325 17586739
238308325 17632072
238308325 21075893
238308325 36850842
238308325 40329238
238308325 59804598
238308325 61853583
238308325 87044829
238308325 105150583
238308325 105895378
238308325 127935456
238308325 131490551
238308325 146350964
238308325 211614808
238308325 240063501
238308325 245394117
238308325 296242468
238308325 307642294
238308325 309325161
238308325 310233571
238308325 322822476
238308325 341840097
238308325 356447837
238308325 384621304
238308325 417927586
238308325 446023451
240063501 17564647
240063501 20471349
240063501 21075893
240063501 40329238
240063501 59804598
240063501 87044829
240063501 105895378
240063501 127935456
240063501 146350964
240063501 211614808
240063501 238308325
240063501 245394117
240063501 307642294
240063501 309325161
240063501 384621304
245394117 5442012
245394117 17564647
245394117 20471349
245394117 21075893
245394117 28478859
245394117 87044829
245394117 105895378
245394117 121258930
245394117 127935456
245394117 146155608
245394117 146350964
245394117 211614808
245394117 238308325
245394117 240063501
245394117 307642294
245394117 309325161
245394117 310233571
245394117 322822476
245394117 341840097
245394117 356447837
245394117 384621304
259074185 5442012
259074185 17586739
259074185 17632072
259074185 20323999
259074185 30680870
259074185 47495471
259074185 48485771
259074185 61853583
259074185 72156360
259074185 117541123
259074185 121258930
259074185 146155608
259074185 152435436
259074185 207752295
259074185 278062722
259074185 307642294
259074185 309366491
259074185 411273721
259074185 499839056
270076706 5442012
270076706 15853668
270076706 22273748
270076706 25827166
270076706 28719244
270076706 41937748
270076706 48485771
270076706 59804598
270076706 75914648
270076706 86852135
270076706 121258930
270076706 146320301
270076706 151711230
270076706 200212364
270076706 306445007
270076706 307642294
270076706 324061899
278062722 5442012
278062722 17564647
278062722 17586739
278062722 20323999
278062722 47495471
278062722 61853583
278062722 121258930
278062722 146155608
278062722 198876913
278062722 259074185
278062722 307642294
278062722 309325161
278062722 411273721
278062722 499839056
284174632 17564647
284174632 20471349
284174632 26422087
284174632 36850842
284174632 84672379
284174632 87044829
284174632 105895378
284174632 146350964
284174632 211614808
284174632 296242468
284174632 307642294
284174632 309325161
284174632 309366491
284174632 310233571
284174632 322822476
284174632 374949999
284174632 384621304
284174632 417927586
296242468 15913
296242468 17564647
296242468 20471349
296242468 26422087
296242468 36850842
296242468 59804598
296242468 84672379
296242468 87044829
296242468 105895378
296242468 146350964
296242468 211614808
296242468 238308325
296242468 284174632
296242468 307642294
296242468 309325161
306445007 15913
306445007 5442012
306445007 14038862
306445007 15853668
306445007 17586739
306445007 22273748
306445007 25827166
306445007 28719244
306445007 28775296
306445007 30680870
306445007 45509346
306445007 48485771
306445007 52559331
306445007 54514600
306445007 71606873
306445007 75914648
306445007 84052794
306445007 86852135
306445007 95109615
306445007 117541123
306445007 121258930
306445007 146155608
306445007 146320301
306445007 151711230
306445007 179524189
306445007 195795250
306445007 198876913
306445007 200212364
306445007 270076706
306445007 307642294
306445007 324061899
306445007 355637036
306445007 365904984
306445007 401029555
306445007 416718047
306445007 421848829
306445007 422950468
306445007 466645680
307642294 15913
307642294 14038862
307642294 14180231
307642294 15853668
307642294 17564647
307642294 17586739
307642294 17632072
307642294 18581803
307642294 20323999
307642294 20471349
307642294 21075893
307642294 22273748
307642294 22679419
307642294 25827166
307642294 25952851
307642294 26422087
307642294 28281437
307642294 28478859
307642294 28719244
307642294 28775296
307642294 28960709
307642294 30680870
307642294 36850842
307642294 40329238
307642294 41937748
307642294 44234944
307642294 45509346
307642294 47495471
307642294 48485771
307642294 52559331
307642294 54514600
307642294 59804598
307642294 61853583
307642294 63644892
307642294 71606873
307642294 72156360
307642294 75914648
307642294 82969251
307642294 84052794
307642294 84672379
307642294 86852135
307642294 87044829
307642294 95109615
307642294 105150583
307642294 105895378
307642294 117541123
307642294 121258930
307642294 127935456
307642294 131490551
307642294 134979402
307642294 144723989
307642294 146155608
307642294 146320301
307642294 146350964
307642294 151711230
307642294 152435436
307642294 179524189
307642294 195795250
307642294 198876913
307642294 200212364
307642294 207752295
307642294 211614808
307642294 238308325
307642294 240063501
307642294 245394117
307642294 250831586
307642294 259074185
307642294 270076706
307642294 278062722
307642294 284174632
307642294 296242468
307642294 306445007
307642294 309325161
307642294 309366491
307642294 310233571
307642294 322822476
307642294 324061899
307642294 341603426
307642294 341840097
307642294 342279134
307642294 343042051
307642294 355637036
307642294 356447837
307642294 365904984
307642294 374949999
307642294 384621304
307642294 401029555
307642294 411273721
307642294 416718047
307642294 417927586
307642294 421848829
307642294 422950468
307642294 446023451
307642294 466645680
307642294 499839056
307642294 529658284
309325161 17564647
309325161 17586739
309325161 20471349
309325161 21075893
309325161 24542441
309325161 28478859
309325161 36850842
309325161 40329238
309325161 47495471
309325161 71606873
309325161 84672379
309325161 87044829
309325161 105150583
309325161 105895378
309325161 127935456
309325161 134979402
309325161 146350964
309325161 211614808
309325161 238308325
309325161 240063501
309325161 245394117
309325161 278062722
309325161 284174632
309325161 296242468
309325161 307642294
309325161 310233571
309325161 322822476
309325161 341603426
309325161 341840097
309325161 356447837
309325161 384621304
309325161 411273721
309325161 417927586
309325161 446023451
309325161 499839056
309366491 15853668
309366491 22679419
309366491 28960709
309366491 144723989
310233571 15913
310233571 5442012
310233571 17564647
310233571 20471349
310233571 59804598
310233571 105895378
310233571 121258930
310233571 127935456
310233571 146155608
310233571 211614808
310233571 238308325
310233571 245394117
310233571 284174632
310233571 307642294
310233571 309325161
310233571 309366491
310233571 322822476
310233571 341603426
310233571 341840097
310233571 356447837
310233571 384621304
310233571 417927586
322822476 17564647
322822476 17632072
322822476 20471349
322822476 36850842
322822476 84672379
322822476 127935456
322822476 146350964
322822476 211614808
322822476 245394117
322822476 284174632
322822476 309325161
322822476 309366491
322822476 310233571
324061899 15913
324061899 5442012
324061899 15853668
324061899 17632072
324061899 22273748
324061899 25827166
324061899 28719244
324061899 28775296
324061899 30680870
324061899 41937748
324061899 47495471
324061899 48485771
324061899 52559331
324061899 59804598
324061899 75914648
324061899 86852135
324061899 95109615
324061899 117541123
324061899 121258930
324061899 146155608
324061899 151711230
324061899 179524189
324061899 195795250
324061899 198876913
324061899 200212364
324061899 270076706
324061899 306445007
324061899 307642294
324061899 355637036
324061899 365904984
324061899 401029555
324061899 411273721
324061899 416718047
324061899 421848829
324061899 422950468
324061899 466645680
341603426 17564647
341603426 84672379
341603426 87044829
341603426 134979402
341603426 307642294
341603426 309325161
341603426 417927586
341840097 5442012
341840097 14180231
341840097 17564647
341840097 18581803
341840097 20323999
341840097 20471349
341840097 28478859
341840097 45509346
341840097 47495471
341840097 61853583
341840097 71606873
341840097 105895378
341840097 121258930
341840097 127935456
341840097 146155608
341840097 198876913
341840097 211614808
341840097 238308325
341840097 245394117
341840097 307642294
341840097 309325161
341840097 310233571
341840097 356447837
341840097 384621304
341840097 417927586
342279134 28960709
342279134 307642294
343042051 15913
343042051 5442012
343042051 20323999
343042051 28719244
343042051 45509346
343042051 47495471
343042051 48485771
343042051 59804598
343042051 121258930
343042051 146155608
343042051 152435436
343042051 307642294
343042051 411273721
355637036 28719244
355637036 52559331
355637036 75914648
355637036 86852135
355637036 146155608
355637036 146320301
355637036 198876913
355637036 200212364
355637036 307642294
355637036 365904984
355637036 401029555
355637036 466645680
356447837 5442012
356447837 17564647
356447837 18581803
356447837 20471349
356447837 21075893
356447837 40329238
356447837 59804598
356447837 105150583
356447837 105895378
356447837 121258930
356447837 146155608
356447837 146350964
356447837 211614808
356447837 238308325
356447837 245394117
356447837 307642294
356447837 309325161
356447837 310233571
356447837 322822476
356447837 384621304
356447837 446023451
365904984 28719244
365904984 48485771
374949999 17564647
374949999 24542441
374949999 26422087
374949999 84672379
374949999 87044829
374949999 127935456
374949999 284174632
374949999 307642294
374949999 341603426
374949999 529658284
384621304 17564647
384621304 21075893
384621304 28478859
384621304 36850842
384621304 40329238
384621304 84672379
384621304 87044829
384621304 105150583
384621304 105895378
384621304 127935456
384621304 146350964
384621304 211614808
384621304 238308325
384621304 240063501
384621304 245394117
384621304 284174632
384621304 307642294
384621304 309325161
384621304 310233571
384621304 322822476
384621304 341840097
384621304 356447837
384621304 417927586
384621304 446023451
401029555 5442012
401029555 15853668
401029555 28719244
401029555 30680870
401029555 45509346
401029555 52559331
401029555 75914648
401029555 95109615
401029555 121258930
401029555 146155608
401029555 146320301
401029555 151711230
401029555 307642294
401029555 324061899
401029555 355637036
401029555 365904984
401029555 416718047
401029555 466645680
411273721 15913
411273721 5442012
411273721 20323999
411273721 44234944
411273721 45509346
411273721 47495471
411273721 48485771
411273721 61853583
411273721 72156360
411273721 121258930
411273721 146155608
411273721 152435436
411273721 198876913
411273721 207752295
411273721 211614808
411273721 259074185
411273721 278062722
411273721 306445007
411273721 307642294
411273721 309325161
411273721 343042051
411273721 499839056
416718047 15913
416718047 5442012
416718047 15853668
416718047 17586739
416718047 25827166
416718047 25952851
416718047 28719244
416718047 30680870
416718047 75914648
416718047 86852135
416718047 95109615
416718047 117541123
416718047 121258930
416718047 146155608
416718047 146320301
416718047 151711230
416718047 195795250
416718047 198876913
416718047 307642294
416718047 324061899
416718047 365904984
416718047 401029555
416718047 422950468
416718047 466645680
417927586 17564647
417927586 28478859
417927586 45509346
417927586 47495471
417927586 72156360
417927586 105895378
417927586 127935456
417927586 211614808
417927586 238308325
417927586 284174632
417927586 307642294
417927586 309325161
417927586 310233571
417927586 341603426
417927586 341840097
417927586 384621304
421848829 5442012
421848829 28775296
421848829 30680870
421848829 61853583
421848829 117541123
421848829 121258930
421848829 198876913
421848829 306445007
421848829 307642294
421848829 499839056
422950468 5442012
422950468 25827166
422950468 30680870
422950468 52559331
422950468 54514600
422950468 146155608
422950468 198876913
422950468 200212364
422950468 270076706
422950468 306445007
422950468 307642294
422950468 324061899
446023451 5442012
446023451 17564647
446023451 20471349
446023451 21075893
446023451 28478859
446023451 59804598
446023451 105150583
446023451 105895378
446023451 146155608
446023451 211614808
446023451 238308325
446023451 307642294
446023451 309325161
446023451 356447837
446023451 384621304
466645680 15913
466645680 5442012
466645680 15853668
466645680 22273748
466645680 25827166
466645680 28719244
466645680 30680870
466645680 48485771
466645680 52559331
466645680 75914648
466645680 84052794
466645680 86852135
466645680 95109615
466645680 121258930
466645680 146155608
466645680 146320301
466645680 151711230
466645680 195795250
466645680 198876913
466645680 200212364
466645680 270076706
466645680 307642294
466645680 324061899
466645680 355637036
466645680 365904984
466645680 401029555
466645680 416718047
466645680 422950468
499839056 5442012
499839056 48485771
499839056 121258930
499839056 411273721
529658284 15913
529658284 20471349
529658284 22679419
529658284 24542441
529658284 26422087
529658284 48485771
529658284 134979402
529658284 307642294
529658284 374949999
