# subgrafo induzido pelos 100 primeiros vértices de um BFS sem sentido
# dataset: data/raw/twitter_combined.txt
# semente-rng: 2026
# semente: 144319796
# N: 100
# arestas: 2104
16854388 21572976
16854388 22465184
16854388 25689832
16854388 28628582
16854388 30478394
16854388 31294167
16854388 35065277
16854388 37060481
16854388 39000244
16854388 39622856
16854388 39793140
16854388 39805814
16854388 40355959
16854388 41469982
16854388 42253232
16854388 43186460
16854388 45435999
16854388 46750407
16854388 50884531
16854388 51543792
16854388 51613496
16854388 51828073
16854388 52473265
16854388 59630220
16854388 65096005
16854388 65370547
16854388 66409671
16854388 68207378
16854388 70458047
16854388 74548256
16854388 77607254
16854388 84903965
16854388 85687328
16854388 93051876
16854388 98809160
16854388 99387429
16854388 99631222
16854388 110253180
16854388 115436566
16854388 116099511
16854388 116245256
16854388 117793928
16854388 117948376
16854388 119217419
16854388 120208344
16854388 120627547
16854388 123121569
16854388 127618089
16854388 127684106
16854388 129631184
16854388 140203448
16854388 144319796
16854388 150273801
16854388 151222208
16854388 155989324
16854388 157137446
16854388 164804966
16854388 166724912
16854388 185331750
16854388 186182395
16854388 207601901
16854388 212329156
16854388 214202608
16854388 221413264
16854388 222248052
16854388 241957644
16854388 281222130
16854388 357331432
18504495 21572976
18504495 28628582
18504495 31294167
18504495 39000244
18504495 39793140
18504495 41469982
18504495 70458047
18504495 117948376
18504495 164804966
21572976 16854388
21572976 43186460
21572976 74548256
21572976 110708265
21572976 115436566
21572976 116099511
21572976 120627547
21572976 123121569
21572976 127618089
21572976 137027740
21572976 164804966
21572976 212329156
22465184 16854388
22465184 39000244
22465184 50884531
22465184 52473265
22465184 64489627
22465184 117948376
22465184 118570373
22465184 123121569
25689832 16854388
25689832 28628582
25689832 30478394
25689832 31294167
25689832 35065277
25689832 37060481
25689832 39622856
25689832 39805814
25689832 40355959
25689832 41469982
25689832 42253232
25689832 45435999
25689832 46750407
25689832 52473265
25689832 57701952
25689832 59630220
25689832 65096005
25689832 66409671
25689832 74548256
25689832 77607254
25689832 93051876
25689832 99631222
25689832 116099511
25689832 116245256
25689832 117793928
25689832 119217419
25689832 120627547
25689832 123121569
25689832 127684106
25689832 129631184
25689832 144319796
25689832 155989324
25689832 157137446
25689832 166724912
25689832 186182395
25689832 207601901
25689832 214202608
25689832 281222130
28628582 16854388
28628582 30478394
28628582 31294167
28628582 39000244
28628582 39793140
28628582 40355959
28628582 50884531
28628582 52473265
28628582 53524177
28628582 65370547
28628582 70458047
28628582 99631222
28628582 116099511
28628582 117948376
28628582 120208344
28628582 123121569
28628582 140203448
28628582 157137446
28628582 268914056
30478394 16854388
30478394 25689832
30478394 28628582
30478394 35065277
30478394 37060481
30478394 39622856
30478394 39805814
30478394 41469982
30478394 42253232
30478394 43607200
30478394 45435999
30478394 46750407
30478394 50884531
30478394 51613496
30478394 61352392
30478394 65096005
30478394 65370547
30478394 66409671
30478394 68207378
30478394 70458047
30478394 74548256
30478394 77607254
30478394 84903965
30478394 93051876
30478394 99631222
30478394 110253180
30478394 110708265
30478394 116099511
30478394 119217419
30478394 120627547
30478394 123121569
30478394 127684106
30478394 129631184
30478394 144319796
30478394 155989324
30478394 166724912
30478394 214202608
30478394 222248052
30478394 241957644
30478394 357331432
35065277 16854388
35065277 25689832
35065277 30478394
35065277 37060481
35065277 39805814
35065277 40355959
35065277 41469982
35065277 45435999
35065277 46750407
35065277 51613496
35065277 52473265
35065277 65096005
35065277 65370547
35065277 66409671
35065277 68207378
35065277 74548256
35065277 77607254
35065277 116099511
35065277 117793928
35065277 119217419
35065277 120627547
35065277 123121569
35065277 129631184
35065277 157137446
35065277 166724912
35065277 186182395
35065277 207601901
36475508 16854388
36475508 18504495
36475508 21572976
36475508 22465184
36475508 25689832
36475508 28628582
36475508 30478394
36475508 31294167
36475508 35065277
36475508 37060481
36475508 39000244
36475508 39622856
36475508 39793140
36475508 39805814
36475508 40355959
36475508 41469982
36475508 42253232
36475508 43186460
36475508 43607200
36475508 45435999
36475508 46248613
36475508 46750407
36475508 50884531
36475508 51543792
36475508 51613496
36475508 51828073
36475508 52473265
36475508 53524177
36475508 54611487
36475508 57701952
36475508 59630220
36475508 61352392
36475508 64489627
36475508 65096005
36475508 65370547
36475508 66398898
36475508 66409671
36475508 68207378
36475508 68567671
36475508 69349768
36475508 70242865
36475508 70458047
36475508 73793971
36475508 74548256
36475508 75721164
36475508 77607254
36475508 84903965
36475508 85687328
36475508 91884854
36475508 93051876
36475508 98809160
36475508 99387429
36475508 99631222
36475508 106452202
36475508 106765077
36475508 109568333
36475508 110253180
36475508 110708265
36475508 115436566
36475508 116099511
36475508 116245256
36475508 117793928
36475508 117948376
36475508 118570373
36475508 119217419
36475508 120208344
36475508 120627547
36475508 122481121
36475508 123121569
36475508 127618089
36475508 127684106
36475508 129267461
36475508 129631184
36475508 137027740
36475508 140203448
36475508 142715837
36475508 144319796
36475508 149957548
36475508 150273801
36475508 151222208
36475508 155989324
36475508 157137446
36475508 164804966
36475508 166724912
36475508 175830894
36475508 185331750
36475508 186182395
36475508 203187792
36475508 207601901
36475508 210188819
36475508 212329156
36475508 214202608
36475508 221413264
36475508 222248052
36475508 241957644
36475508 252668782
36475508 268914056
36475508 281222130
36475508 357331432
37060481 16854388
37060481 25689832
37060481 30478394
37060481 31294167
37060481 35065277
37060481 39622856
37060481 39793140
37060481 39805814
37060481 40355959
37060481 41469982
37060481 42253232
37060481 43607200
37060481 45435999
37060481 46750407
37060481 51613496
37060481 52473265
37060481 54611487
37060481 57701952
37060481 65096005
37060481 66409671
37060481 77607254
37060481 84903965
37060481 93051876
37060481 99631222
37060481 110253180
37060481 116099511
37060481 119217419
37060481 123121569
37060481 127684106
37060481 129631184
37060481 144319796
37060481 151222208
37060481 155989324
37060481 157137446
37060481 186182395
37060481 207601901
37060481 212329156
37060481 214202608
37060481 222248052
37060481 281222130
39000244 22465184
39000244 28628582
39000244 39793140
39000244 46248613
39000244 50884531
39000244 61352392
39000244 70242865
39000244 110708265
39000244 117948376
39000244 118570373
39000244 123121569
39000244 127618089
39000244 127684106
39000244 129631184
39000244 151222208
39000244 164804966
39000244 185331750
39622856 16854388
39622856 25689832
39622856 30478394
39622856 37060481
39622856 39805814
39622856 41469982
39622856 42253232
39622856 46750407
39622856 51543792
39622856 51613496
39622856 52473265
39622856 57701952
39622856 59630220
39622856 66409671
39622856 77607254
39622856 84903965
39622856 99631222
39622856 123121569
39622856 127684106
39622856 129631184
39622856 144319796
39622856 151222208
39622856 155989324
39622856 157137446
39622856 166724912
39622856 186182395
39622856 207601901
39622856 212329156
39793140 16854388
39793140 28628582
39793140 31294167
39793140 37060481
39793140 39000244
39793140 43186460
39793140 46750407
39793140 52473265
39793140 53524177
39793140 70458047
39793140 115436566
39793140 116099511
39793140 123121569
39793140 268914056
39805814 16854388
39805814 25689832
39805814 30478394
39805814 31294167
39805814 35065277
39805814 37060481
39805814 39622856
39805814 40355959
39805814 41469982
39805814 42253232
39805814 43607200
39805814 45435999
39805814 51613496
39805814 52473265
39805814 57701952
39805814 65096005
39805814 66409671
39805814 68207378
39805814 74548256
39805814 77607254
39805814 84903965
39805814 93051876
39805814 98809160
39805814 99631222
39805814 110253180
39805814 116099511
39805814 117793928
39805814 119217419
39805814 123121569
39805814 127684106
39805814 129631184
39805814 144319796
39805814 155989324
39805814 157137446
39805814 175830894
39805814 186182395
39805814 222248052
39805814 241957644
39805814 281222130
40355959 16854388
40355959 25689832
40355959 31294167
40355959 35065277
40355959 37060481
40355959 39805814
40355959 41469982
40355959 42253232
40355959 45435999
40355959 46750407
40355959 52473265
40355959 57701952
40355959 66409671
40355959 68207378
40355959 77607254
40355959 84903965
40355959 93051876
40355959 99631222
40355959 110253180
40355959 116099511
40355959 117793928
40355959 119217419
40355959 129631184
40355959 140203448
40355959 155989324
40355959 157137446
40355959 207601901
40355959 241957644
40355959 357331432
41469982 16854388
41469982 25689832
41469982 30478394
41469982 35065277
41469982 37060481
41469982 39622856
41469982 39805814
41469982 40355959
41469982 42253232
41469982 43607200
41469982 46750407
41469982 51613496
41469982 52473265
41469982 59630220
41469982 65096005
41469982 66409671
41469982 74548256
41469982 77607254
41469982 84903965
41469982 91884854
41469982 93051876
41469982 99387429
41469982 99631222
41469982 110253180
41469982 116099511
41469982 119217419
41469982 120627547
41469982 123121569
41469982 127684106
41469982 129631184
41469982 144319796
41469982 155989324
41469982 157137446
41469982 166724912
41469982 186182395
41469982 207601901
41469982 212329156
41469982 221413264
41469982 222248052
41469982 241957644
41469982 357331432
42253232 16854388
42253232 25689832
42253232 30478394
42253232 37060481
42253232 39622856
42253232 39805814
42253232 40355959
42253232 41469982
42253232 45435999
42253232 46750407
42253232 51543792
42253232 51613496
42253232 52473265
42253232 65096005
42253232 66409671
42253232 68207378
42253232 74548256
42253232 77607254
42253232 84903965
42253232 93051876
42253232 99631222
42253232 109568333
42253232 110253180
42253232 116099511
42253232 119217419
42253232 120627547
42253232 123121569
42253232 127684106
42253232 129631184
42253232 144319796
42253232 155989324
42253232 157137446
42253232 166724912
42253232 175830894
42253232 186182395
42253232 207601901
42253232 212329156
42253232 221413264
42253232 241957644
42253232 357331432
43186460 16854388
43186460 21572976
43186460 31294167
43186460 39793140
43186460 46750407
43186460 51613496
43186460 52473265
43186460 66398898
43186460 66409671
43186460 70458047
43186460 110708265
43186460 115436566
43186460 116245256
43186460 123121569
43186460 129631184
43186460 151222208
43186460 214202608
43186460 252668782
45435999 16854388
45435999 25689832
45435999 30478394
45435999 35065277
45435999 37060481
45435999 39805814
45435999 40355959
45435999 42253232
45435999 43607200
45435999 46750407
45435999 51613496
45435999 52473265
45435999 65096005
45435999 66409671
45435999 77607254
45435999 93051876
45435999 99631222
45435999 116099511
45435999 117793928
45435999 119217419
45435999 123121569
45435999 129631184
45435999 144319796
45435999 155989324
45435999 157137446
45435999 186182395
45435999 281222130
46248613 28628582
46248613 39000244
46248613 46750407
46248613 50884531
46248613 52473265
46248613 61352392
46248613 70458047
46248613 106452202
46248613 110708265
46248613 122481121
46248613 123121569
46248613 129631184
46248613 137027740
46248613 140203448
46248613 157137446
46750407 16854388
46750407 25689832
46750407 30478394
46750407 31294167
46750407 35065277
46750407 37060481
46750407 39622856
46750407 39793140
46750407 40355959
46750407 41469982
46750407 42253232
46750407 43186460
46750407 45435999
46750407 50884531
46750407 52473265
46750407 57701952
46750407 65096005
46750407 65370547
46750407 66409671
46750407 68207378
46750407 70242865
46750407 70458047
46750407 75721164
46750407 77607254
46750407 84903965
46750407 99631222
46750407 110253180
46750407 116099511
46750407 116245256
46750407 119217419
46750407 120208344
46750407 122481121
46750407 140203448
46750407 144319796
46750407 150273801
46750407 155989324
46750407 157137446
46750407 186182395
46750407 207601901
46750407 212329156
46750407 214202608
51543792 16854388
51543792 39622856
51543792 42253232
51543792 54611487
51543792 74548256
51543792 84903965
51543792 91884854
51543792 120627547
51543792 127684106
51543792 129631184
51543792 151222208
51543792 155989324
51543792 166724912
51613496 16854388
51613496 30478394
51613496 31294167
51613496 35065277
51613496 37060481
51613496 39622856
51613496 39805814
51613496 41469982
51613496 42253232
51613496 43186460
51613496 45435999
51613496 50884531
51613496 52473265
51613496 65096005
51613496 66409671
51613496 68207378
51613496 70458047
51613496 74548256
51613496 77607254
51613496 84903965
51613496 93051876
51613496 98809160
51613496 99631222
51613496 110253180
51613496 116099511
51613496 117793928
51613496 119217419
51613496 120627547
51613496 123121569
51613496 127618089
51613496 127684106
51613496 129631184
51613496 140203448
51613496 144319796
51613496 149957548
51613496 151222208
51613496 166724912
51613496 186182395
51613496 207601901
51613496 212329156
51613496 222248052
51613496 241957644
51613496 281222130
51613496 357331432
51828073 16854388
51828073 66398898
51828073 68207378
51828073 74548256
51828073 84903965
51828073 117793928
51828073 120627547
51828073 123121569
51828073 129631184
51828073 144319796
51828073 157137446
51828073 212329156
51828073 221413264
51828073 241957644
51828073 252668782
51828073 357331432
52473265 16854388
52473265 22465184
52473265 25689832
52473265 28628582
52473265 31294167
52473265 35065277
52473265 37060481
52473265 39622856
52473265 39793140
52473265 39805814
52473265 40355959
52473265 41469982
52473265 42253232
52473265 43186460
52473265 43607200
52473265 45435999
52473265 46750407
52473265 51613496
52473265 53524177
52473265 59630220
52473265 65096005
52473265 65370547
52473265 68207378
52473265 70458047
52473265 74548256
52473265 75721164
52473265 77607254
52473265 93051876
52473265 99387429
52473265 99631222
52473265 109568333
52473265 110708265
52473265 116099511
52473265 116245256
52473265 117793928
52473265 118570373
52473265 119217419
52473265 120208344
52473265 123121569
52473265 127618089
52473265 129631184
52473265 137027740
52473265 144319796
52473265 157137446
52473265 166724912
52473265 175830894
52473265 186182395
52473265 214202608
52473265 268914056
52473265 357331432
53524177 28628582
53524177 31294167
53524177 39793140
53524177 52473265
53524177 70458047
53524177 75721164
53524177 123121569
53524177 268914056
54611487 37060481
54611487 51543792
54611487 74548256
54611487 84903965
54611487 91884854
54611487 120627547
54611487 127684106
54611487 129631184
54611487 151222208
54611487 155989324
57701952 25689832
57701952 37060481
57701952 39622856
57701952 39805814
57701952 40355959
57701952 46750407
57701952 66409671
57701952 68207378
57701952 93051876
57701952 99631222
57701952 123121569
57701952 129631184
57701952 157137446
57701952 186182395
57701952 222248052
57701952 281222130
59630220 16854388
59630220 25689832
59630220 39622856
59630220 41469982
59630220 52473265
59630220 65096005
59630220 68567671
59630220 74548256
59630220 77607254
59630220 109568333
59630220 110253180
59630220 127684106
59630220 129631184
59630220 166724912
59630220 175830894
59630220 221413264
59630220 222248052
61352392 39000244
61352392 106452202
61352392 110708265
61352392 120208344
61352392 127618089
61352392 164804966
64489627 22465184
64489627 52473265
64489627 65370547
64489627 118570373
65096005 16854388
65096005 25689832
65096005 30478394
65096005 31294167
65096005 35065277
65096005 37060481
65096005 39805814
65096005 41469982
65096005 42253232
65096005 43607200
65096005 45435999
65096005 46750407
65096005 51613496
65096005 52473265
65096005 59630220
65096005 66409671
65096005 68207378
65096005 74548256
65096005 77607254
65096005 84903965
65096005 93051876
65096005 99631222
65096005 109568333
65096005 110253180
65096005 116099511
65096005 117793928
65096005 119217419
65096005 120627547
65096005 123121569
65096005 127684106
65096005 129631184
65096005 144319796
65096005 151222208
65096005 155989324
65096005 157137446
65096005 166724912
65096005 175830894
65096005 186182395
65096005 207601901
65096005 222248052
65096005 241957644
65096005 357331432
65370547 16854388
65370547 28628582
65370547 30478394
65370547 35065277
65370547 40355959
65370547 46750407
65370547 52473265
65370547 61352392
65370547 64489627
65370547 99631222
65370547 110708265
65370547 120208344
65370547 123121569
65370547 127618089
65370547 129631184
65370547 140203448
65370547 157137446
66398898 43186460
66398898 51828073
66398898 61352392
66398898 70458047
66398898 110708265
66398898 116245256
66398898 252668782
66409671 16854388
66409671 25689832
66409671 30478394
66409671 35065277
66409671 37060481
66409671 39622856
66409671 39805814
66409671 40355959
66409671 41469982
66409671 42253232
66409671 43186460
66409671 43607200
66409671 45435999
66409671 46750407
66409671 51613496
66409671 57701952
66409671 65096005
66409671 68207378
66409671 77607254
66409671 99631222
66409671 110253180
66409671 116099511
66409671 116245256
66409671 119217419
66409671 120627547
66409671 123121569
66409671 129631184
66409671 155989324
66409671 157137446
66409671 186182395
66409671 207601901
66409671 214202608
68567671 52473265
68567671 59630220
68567671 120627547
68567671 151222208
68567671 222248052
69349768 52473265
69349768 70242865
69349768 74548256
69349768 75721164
69349768 91884854
69349768 110253180
69349768 116099511
69349768 120208344
69349768 120627547
69349768 123121569
69349768 127684106
69349768 129631184
69349768 151222208
70242865 39000244
70242865 46750407
70242865 69349768
70242865 117948376
70242865 118570373
70242865 129631184
70242865 157137446
70242865 175830894
70458047 28628582
70458047 30478394
70458047 31294167
70458047 39793140
70458047 43186460
70458047 46750407
70458047 50884531
70458047 51613496
70458047 52473265
70458047 53524177
70458047 66398898
70458047 75721164
70458047 93051876
70458047 115436566
70458047 116099511
70458047 116245256
70458047 120208344
70458047 123121569
70458047 127684106
70458047 129631184
70458047 137027740
70458047 140203448
70458047 164804966
70458047 214202608
70458047 252668782
70458047 268914056
73793971 39793140
73793971 43186460
73793971 52473265
73793971 61352392
73793971 70458047
73793971 75721164
73793971 110708265
73793971 127618089
73793971 129631184
73793971 157137446
73793971 164804966
74548256 16854388
74548256 21572976
74548256 25689832
74548256 30478394
74548256 35065277
74548256 39805814
74548256 41469982
74548256 42253232
74548256 51543792
74548256 51613496
74548256 51828073
74548256 52473265
74548256 54611487
74548256 59630220
74548256 65096005
74548256 68207378
74548256 69349768
74548256 77607254
74548256 84903965
74548256 115436566
74548256 116099511
74548256 120627547
74548256 123121569
74548256 127618089
74548256 127684106
74548256 129631184
74548256 151222208
74548256 155989324
74548256 157137446
74548256 166724912
74548256 212329156
74548256 241957644
75721164 31294167
75721164 46750407
75721164 52473265
75721164 53524177
75721164 70458047
75721164 99387429
75721164 110708265
75721164 123121569
75721164 127684106
75721164 129631184
77607254 16854388
77607254 25689832
77607254 30478394
77607254 35065277
77607254 37060481
77607254 39622856
77607254 39805814
77607254 40355959
77607254 41469982
77607254 42253232
77607254 43607200
77607254 45435999
77607254 46750407
77607254 51613496
77607254 52473265
77607254 59630220
77607254 65096005
77607254 66409671
77607254 68207378
77607254 74548256
77607254 84903965
77607254 93051876
77607254 99631222
77607254 110253180
77607254 116099511
77607254 117793928
77607254 119217419
77607254 120208344
77607254 120627547
77607254 123121569
77607254 127684106
77607254 129267461
77607254 129631184
77607254 144319796
77607254 155989324
77607254 157137446
77607254 166724912
77607254 175830894
77607254 186182395
77607254 207601901
77607254 281222130
84903965 16854388
84903965 30478394
84903965 37060481
84903965 39622856
84903965 39805814
84903965 40355959
84903965 41469982
84903965 42253232
84903965 46750407
84903965 51543792
84903965 51613496
84903965 51828073
84903965 54611487
84903965 65096005
84903965 68207378
84903965 74548256
84903965 77607254
84903965 93051876
84903965 99631222
84903965 110253180
84903965 116099511
84903965 117948376
84903965 120627547
84903965 123121569
84903965 127618089
84903965 127684106
84903965 129631184
84903965 144319796
84903965 149957548
84903965 151222208
84903965 155989324
84903965 157137446
84903965 166724912
84903965 186182395
84903965 207601901
84903965 212329156
84903965 214202608
84903965 221413264
84903965 241957644
84903965 357331432
85687328 16854388
85687328 43186460
85687328 110708265
85687328 120208344
85687328 127618089
91884854 41469982
91884854 51543792
91884854 54611487
91884854 69349768
91884854 129631184
93051876 16854388
93051876 25689832
93051876 30478394
93051876 37060481
93051876 39805814
93051876 40355959
93051876 41469982
93051876 42253232
93051876 45435999
93051876 50884531
93051876 51613496
93051876 52473265
93051876 57701952
93051876 65096005
93051876 70458047
93051876 77607254
93051876 84903965
93051876 98809160
93051876 99631222
93051876 110253180
93051876 116099511
93051876 119217419
93051876 123121569
93051876 144319796
93051876 151222208
93051876 157137446
93051876 186182395
93051876 222248052
93051876 241957644
93051876 281222130
93051876 357331432
98809160 16854388
98809160 39805814
98809160 51613496
98809160 93051876
98809160 144319796
99387429 16854388
99387429 21572976
99387429 39000244
99387429 39793140
99387429 41469982
99387429 43186460
99387429 52473265
99387429 75721164
99387429 106452202
99387429 127618089
99387429 129631184
99387429 164804966
99387429 175830894
99631222 16854388
99631222 25689832
99631222 28628582
99631222 30478394
99631222 37060481
99631222 39622856
99631222 39805814
99631222 40355959
99631222 41469982
99631222 42253232
99631222 43607200
99631222 45435999
99631222 46750407
99631222 51613496
99631222 52473265
99631222 57701952
99631222 65096005
99631222 66409671
99631222 68207378
99631222 77607254
99631222 84903965
99631222 93051876
99631222 110253180
99631222 116099511
99631222 117793928
99631222 118570373
99631222 119217419
99631222 123121569
99631222 129631184
99631222 140203448
99631222 144319796
99631222 150273801
99631222 155989324
99631222 157137446
99631222 175830894
99631222 186182395
99631222 207601901
99631222 241957644
99631222 357331432
106452202 21572976
106452202 28628582
106452202 39000244
106452202 39793140
106452202 52473265
106452202 61352392
106452202 66398898
106452202 70458047
106452202 99387429
106452202 115436566
106452202 117948376
106452202 120208344
106452202 123121569
106452202 127618089
106452202 129631184
106452202 137027740
106452202 140203448
106452202 151222208
106452202 164804966
106765077 127684106
106765077 144319796
109568333 42253232
109568333 52473265
109568333 59630220
109568333 65096005
109568333 116099511
109568333 175830894
110253180 16854388
110253180 30478394
110253180 37060481
110253180 39805814
110253180 40355959
110253180 41469982
110253180 42253232
110253180 46750407
110253180 51613496
110253180 59630220
110253180 65096005
110253180 66409671
110253180 69349768
110253180 77607254
110253180 84903965
110253180 93051876
110253180 99631222
110253180 119217419
110253180 123121569
110253180 127684106
110253180 129631184
110253180 144319796
110253180 150273801
110253180 151222208
110253180 155989324
110253180 157137446
110253180 186182395
110253180 207601901
110253180 212329156
110253180 222248052
110253180 241957644
110253180 281222130
110708265 21572976
110708265 30478394
110708265 39000244
110708265 43186460
110708265 50884531
110708265 52473265
110708265 61352392
110708265 66398898
110708265 75721164
110708265 85687328
110708265 115436566
110708265 117948376
110708265 120208344
110708265 123121569
110708265 127618089
110708265 164804966
110708265 252668782
115436566 16854388
115436566 21572976
115436566 31294167
115436566 39793140
115436566 43186460
115436566 70458047
115436566 74548256
115436566 106452202
115436566 110708265
115436566 116099511
115436566 116245256
115436566 120208344
115436566 123121569
115436566 129631184
115436566 164804966
115436566 214202608
116099511 16854388
116099511 21572976
116099511 25689832
116099511 28628582
116099511 30478394
116099511 31294167
116099511 35065277
116099511 37060481
116099511 39793140
116099511 39805814
116099511 40355959
116099511 41469982
116099511 42253232
116099511 43607200
116099511 45435999
116099511 46750407
116099511 50884531
116099511 51613496
116099511 52473265
116099511 65096005
116099511 66409671
116099511 68207378
116099511 70458047
116099511 74548256
116099511 77607254
116099511 84903965
116099511 93051876
116099511 99631222
116099511 109568333
116099511 115436566
116099511 123121569
116099511 127618089
116099511 127684106
116099511 129631184
116099511 137027740
116099511 140203448
116099511 144319796
116099511 150273801
116099511 157137446
116099511 175830894
116099511 186182395
116099511 214202608
116099511 241957644
116245256 16854388
116245256 25689832
116245256 31294167
116245256 43186460
116245256 46750407
116245256 52473265
116245256 66398898
116245256 66409671
116245256 70458047
116245256 115436566
116245256 123121569
116245256 214202608
116245256 252668782
117793928 16854388
117793928 25689832
117793928 35065277
117793928 39805814
117793928 40355959
117793928 45435999
117793928 51613496
117793928 51828073
117793928 52473265
117793928 65096005
117793928 77607254
117793928 99631222
117793928 123121569
117793928 212329156
117793928 221413264
117948376 16854388
117948376 22465184
117948376 28628582
117948376 39000244
117948376 70242865
117948376 84903965
117948376 110708265
117948376 120208344
117948376 123121569
117948376 127618089
117948376 127684106
117948376 129631184
117948376 137027740
118570373 22465184
118570373 39000244
118570373 50884531
118570373 52473265
118570373 99631222
119217419 16854388
119217419 25689832
119217419 30478394
119217419 35065277
119217419 37060481
119217419 39805814
119217419 40355959
119217419 41469982
119217419 42253232
119217419 43607200
119217419 45435999
119217419 46750407
119217419 51613496
119217419 52473265
119217419 65096005
119217419 66409671
119217419 77607254
119217419 93051876
119217419 99631222
119217419 110253180
119217419 123121569
119217419 129631184
119217419 144319796
119217419 157137446
119217419 186182395
119217419 207601901
119217419 222248052
119217419 241957644
119217419 281222130
120208344 16854388
120208344 28628582
120208344 46750407
120208344 52473265
120208344 61352392
120208344 70458047
120208344 77607254
120208344 85687328
120208344 110708265
120208344 115436566
120208344 117948376
120208344 120627547
120208344 122481121
120208344 123121569
120208344 127618089
120208344 137027740
120208344 140203448
120208344 164804966
120208344 185331750
120208344 214202608
120627547 16854388
120627547 21572976
120627547 25689832
120627547 30478394
120627547 35065277
120627547 36475508
120627547 39000244
120627547 41469982
120627547 42253232
120627547 51543792
120627547 51613496
120627547 51828073
120627547 52473265
120627547 54611487
120627547 61352392
120627547 65096005
120627547 66409671
120627547 68207378
120627547 69349768
120627547 74548256
120627547 77607254
120627547 84903965
120627547 99631222
120627547 110708265
120627547 117948376
120627547 120208344
120627547 123121569
120627547 127684106
120627547 129631184
120627547 144319796
120627547 151222208
120627547 155989324
120627547 157137446
120627547 166724912
120627547 207601901
120627547 212329156
120627547 222248052
122481121 46750407
122481121 120208344
122481121 123121569
123121569 16854388
123121569 21572976
123121569 22465184
123121569 25689832
123121569 28628582
123121569 30478394
123121569 31294167
123121569 35065277
123121569 37060481
123121569 39000244
123121569 39622856
123121569 39793140
123121569 39805814
123121569 41469982
123121569 42253232
123121569 43186460
123121569 43607200
123121569 45435999
123121569 46248613
123121569 50884531
123121569 51613496
123121569 51828073
123121569 52473265
123121569 53524177
123121569 57701952
123121569 65096005
123121569 65370547
123121569 66409671
123121569 68207378
123121569 69349768
123121569 70458047
123121569 74548256
123121569 75721164
123121569 77607254
123121569 84903965
123121569 93051876
123121569 99631222
123121569 110253180
123121569 110708265
123121569 115436566
123121569 116099511
123121569 116245256
123121569 117793928
123121569 117948376
123121569 119217419
123121569 120208344
123121569 120627547
123121569 122481121
123121569 127618089
123121569 127684106
123121569 129631184
123121569 137027740
123121569 140203448
123121569 144319796
123121569 151222208
123121569 155989324
123121569 157137446
123121569 164804966
123121569 166724912
123121569 175830894
123121569 207601901
123121569 214202608
123121569 222248052
123121569 241957644
123121569 357331432
127618089 16854388
127618089 21572976
127618089 22465184
127618089 39000244
127618089 51613496
127618089 52473265
127618089 61352392
127618089 73793971
127618089 74548256
127618089 84903965
127618089 85687328
127618089 99387429
127618089 110708265
127618089 116099511
127618089 117948376
127618089 120208344
127618089 123121569
127618089 129631184
127618089 137027740
127618089 140203448
127618089 157137446
127618089 185331750
127618089 252668782
127684106 16854388
127684106 25689832
127684106 30478394
127684106 37060481
127684106 39000244
127684106 39622856
127684106 39805814
127684106 41469982
127684106 42253232
127684106 43607200
127684106 51543792
127684106 51613496
127684106 54611487
127684106 59630220
127684106 65096005
127684106 69349768
127684106 70458047
127684106 74548256
127684106 75721164
127684106 77607254
127684106 84903965
127684106 106765077
127684106 110253180
127684106 116099511
127684106 117948376
127684106 120627547
127684106 123121569
127684106 129631184
127684106 144319796
127684106 151222208
127684106 155989324
127684106 157137446
127684106 175830894
127684106 186182395
127684106 212329156
127684106 241957644
129267461 70458047
129267461 77607254
129267461 129631184
129631184 16854388
129631184 25689832
129631184 30478394
129631184 35065277
129631184 36475508
129631184 37060481
129631184 39000244
129631184 39622856
129631184 39805814
129631184 40355959
129631184 41469982
129631184 42253232
129631184 43186460
129631184 43607200
129631184 45435999
129631184 46248613
129631184 51543792
129631184 51613496
129631184 51828073
129631184 52473265
129631184 54611487
129631184 57701952
129631184 59630220
129631184 65096005
129631184 65370547
129631184 66409671
129631184 69349768
129631184 70242865
129631184 70458047
129631184 73793971
129631184 74548256
129631184 75721164
129631184 77607254
129631184 84903965
129631184 91884854
129631184 99387429
129631184 99631222
129631184 106452202
129631184 110253180
129631184 115436566
129631184 116099511
129631184 117948376
129631184 119217419
129631184 120627547
129631184 123121569
129631184 127618089
129631184 127684106
129631184 129267461
129631184 144319796
129631184 151222208
129631184 155989324
129631184 157137446
129631184 164804966
129631184 166724912
129631184 175830894
129631184 186182395
129631184 207601901
129631184 210188819
129631184 212329156
129631184 214202608
129631184 221413264
129631184 241957644
129631184 357331432
137027740 21572976
137027740 31294167
137027740 52473265
137027740 70458047
137027740 116099511
137027740 117948376
137027740 120208344
137027740 123121569
137027740 127618089
137027740 175830894
140203448 16854388
140203448 28628582
140203448 40355959
140203448 46750407
140203448 50884531
140203448 51613496
140203448 52473265
140203448 65370547
140203448 70458047
140203448 99631222
140203448 106452202
140203448 116099511
140203448 120208344
140203448 123121569
140203448 127618089
140203448 157137446
142715837 30478394
142715837 52473265
142715837 61352392
142715837 70458047
142715837 110708265
142715837 120208344
142715837 127618089
144319796 16854388
144319796 25689832
144319796 30478394
144319796 37060481
144319796 39622856
144319796 39805814
144319796 41469982
144319796 42253232
144319796 43607200
144319796 45435999
144319796 46750407
144319796 51613496
144319796 51828073
144319796 52473265
144319796 65096005
144319796 68207378
144319796 77607254
144319796 84903965
144319796 93051876
144319796 98809160
144319796 99631222
144319796 106765077
144319796 110253180
144319796 116099511
144319796 119217419
144319796 120627547
144319796 123121569
144319796 127684106
144319796 129631184
144319796 155989324
144319796 157137446
144319796 175830894
144319796 186182395
144319796 207601901
144319796 212329156
144319796 222248052
144319796 241957644
144319796 281222130
144319796 357331432
149957548 16854388
149957548 51613496
149957548 84903965
149957548 241957644
150273801 16854388
150273801 25689832
150273801 46750407
150273801 50884531
150273801 52473265
150273801 99631222
150273801 110253180
150273801 116099511
150273801 157137446
151222208 16854388
151222208 35065277
151222208 37060481
151222208 39000244
151222208 39622856
151222208 43186460
151222208 51543792
151222208 51613496
151222208 51828073
151222208 52473265
151222208 54611487
151222208 65096005
151222208 68567671
151222208 69349768
151222208 74548256
151222208 84903965
151222208 93051876
151222208 99631222
151222208 106452202
151222208 110253180
151222208 116245256
151222208 120627547
151222208 123121569
151222208 127684106
151222208 129631184
151222208 166724912
151222208 186182395
151222208 212329156
151222208 221413264
151222208 357331432
155989324 16854388
155989324 25689832
155989324 30478394
155989324 37060481
155989324 39622856
155989324 39805814
155989324 40355959
155989324 41469982
155989324 42253232
155989324 46750407
155989324 51543792
155989324 51828073
155989324 54611487
155989324 65096005
155989324 66409671
155989324 68207378
155989324 74548256
155989324 77607254
155989324 84903965
155989324 99631222
155989324 110253180
155989324 120627547
155989324 123121569
155989324 127684106
155989324 129631184
155989324 144319796
155989324 157137446
155989324 166724912
155989324 186182395
155989324 212329156
155989324 221413264
155989324 241957644
157137446 16854388
157137446 25689832
157137446 28628582
157137446 31294167
157137446 37060481
157137446 39622856
157137446 39805814
157137446 40355959
157137446 41469982
157137446 42253232
157137446 45435999
157137446 46750407
157137446 50884531
157137446 51828073
157137446 52473265
157137446 57701952
157137446 65096005
157137446 65370547
157137446 66409671
157137446 68207378
157137446 73793971
157137446 74548256
157137446 77607254
157137446 84903965
157137446 93051876
157137446 99631222
157137446 110253180
157137446 116099511
157137446 119217419
157137446 123121569
157137446 127618089
157137446 127684106
157137446 129631184
157137446 140203448
157137446 144319796
157137446 150273801
157137446 155989324
157137446 166724912
157137446 186182395
157137446 207601901
157137446 212329156
157137446 214202608
157137446 222248052
157137446 241957644
157137446 281222130
157137446 357331432
164804966 16854388
164804966 21572976
164804966 36475508
164804966 39000244
164804966 61352392
164804966 70458047
164804966 110708265
164804966 115436566
164804966 120208344
164804966 123121569
164804966 129631184
166724912 16854388
166724912 25689832
166724912 30478394
166724912 35065277
166724912 39622856
166724912 41469982
166724912 42253232
166724912 51543792
166724912 51613496
166724912 52473265
166724912 59630220
166724912 65096005
166724912 68207378
166724912 74548256
166724912 77607254
166724912 84903965
166724912 120627547
166724912 123121569
166724912 127684106
166724912 129631184
166724912 151222208
166724912 155989324
166724912 157137446
166724912 212329156
166724912 221413264
175830894 39805814
175830894 42253232
175830894 52473265
175830894 59630220
175830894 65096005
175830894 77607254
175830894 99387429
175830894 99631222
175830894 109568333
175830894 116099511
175830894 123121569
175830894 127684106
175830894 129631184
175830894 137027740
175830894 144319796
185331750 16854388
185331750 39000244
185331750 110708265
185331750 127618089
203187792 52473265
203187792 110708265
203187792 164804966
207601901 16854388
207601901 25689832
207601901 30478394
207601901 35065277
207601901 37060481
207601901 39622856
207601901 40355959
207601901 41469982
207601901 42253232
207601901 46750407
207601901 51613496
207601901 65096005
207601901 66409671
207601901 77607254
207601901 84903965
207601901 99631222
207601901 110253180
207601901 118570373
207601901 119217419
207601901 120627547
207601901 123121569
207601901 129631184
207601901 144319796
207601901 150273801
207601901 157137446
207601901 241957644
207601901 357331432
210188819 46750407
210188819 66398898
210188819 70458047
210188819 85687328
210188819 99631222
210188819 110708265
210188819 127618089
210188819 129631184
210188819 164804966
210188819 185331750
212329156 16854388
212329156 21572976
212329156 37060481
212329156 39000244
212329156 39622856
212329156 41469982
212329156 42253232
212329156 46750407
212329156 51613496
212329156 51828073
212329156 66398898
212329156 74548256
212329156 84903965
212329156 110253180
212329156 110708265
212329156 117793928
212329156 127684106
212329156 129631184
212329156 144319796
212329156 151222208
212329156 155989324
212329156 157137446
212329156 166724912
212329156 221413264
212329156 241957644
212329156 252668782
212329156 357331432
221413264 16854388
221413264 41469982
221413264 42253232
221413264 51828073
221413264 59630220
221413264 84903965
221413264 117793928
221413264 129631184
221413264 151222208
221413264 155989324
221413264 166724912
221413264 212329156
221413264 241957644
221413264 357331432
241957644 16854388
241957644 30478394
241957644 39805814
241957644 40355959
241957644 41469982
241957644 42253232
241957644 51613496
241957644 51828073
241957644 65096005
241957644 74548256
241957644 84903965
241957644 93051876
241957644 99631222
241957644 110253180
241957644 119217419
241957644 123121569
241957644 127684106
241957644 129631184
241957644 144319796
241957644 149957548
241957644 155989324
241957644 157137446
241957644 186182395
241957644 207601901
241957644 212329156
241957644 221413264
241957644 357331432
252668782 43186460
252668782 51828073
252668782 66398898
252668782 70458047
252668782 110708265
252668782 116245256
252668782 127618089
252668782 214202608
268914056 28628582
268914056 31294167
268914056 39793140
268914056 52473265
268914056 53524177
268914056 70458047
268914056 214202608
281222130 16854388
281222130 25689832
281222130 37060481
281222130 39805814
281222130 43607200
281222130 45435999
281222130 51613496
281222130 57701952
281222130 77607254
281222130 93051876
281222130 110253180
281222130 119217419
281222130 144319796
281222130 157137446
281222130 186182395
281222130 222248052
281222130 357331432
357331432 16854388
357331432 30478394
357331432 40355959
357331432 41469982
357331432 42253232
357331432 51613496
357331432 51828073
357331432 52473265
357331432 65096005
357331432 99631222
357331432 123121569
357331432 127684106
357331432 129631184
357331432 144319796
357331432 151222208
357331432 157137446
357331432 207601901
357331432 212329156
357331432 221413264
357331432 241957644
357331432 281222130
