# subgrafo induzido pelos 250 primeiros vértices de um BFS sem sentido
# dataset: data/raw/twitter_combined.txt
# semente-rng: 2026
# semente: 9487272
# N: 250
# arestas: 3745
12 295
12 418
12 989
12 1378
12 10350
12 13348
12 36823
12 49793
12 657863
12 691353
12 746323
12 749963
12 1000591
12 2384071
12 6141832
12 6385432
12 6708952
12 7040932
12 8161232
12 12101862
12 14230524
12 14600116
12 14761795
12 15414807
12 16319797
12 17220934
12 17503180
12 17595439
12 19397785
12 20609518
12 22255654
12 31353077
12 37570179
12 42712551
12 50393960
12 115485051
12 288452305
12 378223565
20 295
20 418
20 767
20 885
20 989
20 3840
20 5702
20 6140
20 10350
20 36823
20 657863
20 749963
20 816532
20 817288
20 858051
20 1000591
20 1305941
20 2384071
20 2729061
20 2730791
20 2735591
20 6141832
20 6385432
20 6708952
20 7040932
20 8161232
20 11388132
20 11435642
20 14230524
20 14600116
20 14761795
20 14834340
20 15414807
20 15827269
20 17220934
20 17503180
20 17595439
20 19397785
20 19637934
20 20609518
20 22255654
20 50393960
20 90420314
20 93957809
20 115485051
295 12
295 20
295 418
295 885
295 989
295 1378
295 3840
295 5702
295 36823
295 49793
295 657863
295 749963
295 814253
295 816532
295 817288
295 858051
295 1000591
295 2384071
295 2529971
295 2730791
295 6141832
295 6708952
295 8962882
295 9283312
295 9641832
295 11388132
295 11435642
295 14600116
295 14761795
295 15827269
295 17503180
295 17595439
295 22255654
295 37570179
295 93957809
418 12
418 20
418 295
418 885
418 989
418 5702
418 13348
418 16023
418 36823
418 41713
418 657863
418 661403
418 691353
418 814304
418 1000591
418 1305941
418 2529971
418 6141832
418 17503180
418 50393960
418 93957809
633 33633
633 36823
633 681813
633 814859
633 817094
633 930061
633 1133701
633 2729061
633 14230524
633 14550221
633 22184329
633 44652237
765 767
765 6140
765 10350
765 10450
765 13046
765 13234
765 16023
765 36823
765 678033
765 681813
765 691353
765 2729061
765 6297852
765 115485051
767 12
767 20
767 765
767 3840
767 5702
767 10350
767 10450
767 13046
767 36823
767 49793
767 678033
767 681813
767 691353
767 814253
767 820585
767 858051
767 1000591
767 1424001
767 2384071
767 2729061
767 2730791
767 3829151
767 6141832
767 6297852
767 6708952
767 9207632
767 9283312
767 9641832
767 11435642
767 14199979
767 14224219
767 14274132
767 14329770
767 14600116
767 14834340
767 15827269
767 16356796
767 17595439
767 50393960
767 93957809
767 115485051
821 13124
821 13234
821 691353
821 2384071
821 3564041
885 12
885 20
885 295
885 418
885 989
885 1378
885 3840
885 5702
885 11628
885 13348
885 36823
885 49793
885 657863
885 749963
885 814253
885 817288
885 824157
885 858051
885 1000591
885 1899161
885 2384071
885 2529971
885 2730791
885 3829151
885 6141832
885 6708952
885 11388132
885 11435642
885 14600116
885 17503180
885 17595439
885 37570179
989 12
989 20
989 295
989 418
989 885
989 1378
989 3840
989 5702
989 10350
989 11628
989 36823
989 49793
989 82243
989 657863
989 691353
989 749963
989 814253
989 817288
989 824157
989 858051
989 930061
989 1000591
989 1305941
989 1899161
989 2384071
989 2529971
989 2730791
989 3829151
989 6141832
989 6385432
989 8962882
989 9641832
989 11435642
989 14600116
989 14761795
989 14834340
989 15827269
989 17503180
989 17595439
989 22255654
989 37570179
989 93957809
1378 12
1378 20
1378 295
1378 418
1378 767
1378 885
1378 989
1378 3840
1378 5702
1378 11628
1378 13348
1378 36823
1378 49793
1378 657863
1378 746323
1378 749963
1378 814253
1378 817268
1378 817288
1378 824157
1378 858051
1378 1000591
1378 1045751
1378 1899161
1378 2384071
1378 2529971
1378 2730791
1378 3829151
1378 6141832
1378 6708952
1378 8962882
1378 9641832
1378 11388132
1378 11435642
1378 14600116
1378 14761795
1378 14834340
1378 14885549
1378 15827269
1378 17503180
1378 17595439
1378 22255654
1378 37570179
1378 93957809
3840 12
3840 20
3840 295
3840 418
3840 765
3840 767
3840 885
3840 989
3840 1378
3840 5702
3840 10350
3840 11628
3840 13348
3840 36823
3840 41713
3840 49793
3840 82243
3840 657863
3840 661403
3840 681813
3840 691353
3840 746323
3840 749963
3840 814253
3840 816532
3840 817268
3840 817288
3840 824157
3840 858051
3840 930061
3840 1000591
3840 1045751
3840 1305941
3840 1899161
3840 2384071
3840 2529971
3840 2729061
3840 2730791
3840 2735591
3840 3829151
3840 4641021
3840 6141832
3840 6708952
3840 7040932
3840 8962882
3840 9283312
3840 9641832
3840 11388132
3840 11435642
3840 12436442
3840 14329770
3840 14600116
3840 14761795
3840 14834340
3840 14885549
3840 15827269
3840 17503180
3840 17595439
3840 22255654
3840 50393960
3840 90420314
3840 93957809
3840 96585127
3840 115485051
3840 378223565
5702 12
5702 20
5702 418
5702 767
5702 989
5702 11628
5702 36823
5702 49793
5702 657863
5702 691353
5702 930061
5702 1000591
5702 2384071
5702 2529971
5702 2730791
5702 6141832
5702 11388132
5702 14600116
5702 14761795
5702 15827269
5702 17503180
5702 17595439
5702 93957809
6140 20
6140 765
6140 767
6140 13234
6140 36823
6140 681813
6140 814304
6140 2729061
6140 6297852
6140 14224219
6140 31353077
10350 12
10350 20
10350 765
10350 767
10350 989
10350 3840
10350 10450
10350 36823
10350 41713
10350 657863
10350 681813
10350 691353
10350 814253
10350 814304
10350 817268
10350 930061
10350 1424001
10350 2384071
10350 2529971
10350 3829151
10350 7040932
10350 16799897
10350 19637934
10350 50393960
10350 90420314
10350 115485051
10450 20
10450 765
10450 767
10450 10350
10450 16023
10450 36823
10450 41713
10450 657863
10450 681813
10450 1000591
10450 1424001
10450 2729061
10450 3829151
10450 9207632
10450 20609518
10450 115485051
11628 20
11628 418
11628 5702
11628 49793
11628 657863
11628 814304
11628 2384071
11628 6385432
11628 11388132
13046 20
13046 765
13046 767
13046 6140
13046 13234
13046 36823
13046 681813
13046 814304
13046 2729061
13046 6297852
13124 821
13124 13234
13124 2384071
13124 2729061
13234 20
13234 765
13234 767
13234 821
13234 6140
13234 13046
13234 13124
13234 36823
13234 678033
13234 681813
13234 691353
13234 2384071
13234 2729061
13234 6297852
13234 6825792
13234 14538254
13234 22525751
13348 12
13348 20
13348 295
13348 418
13348 767
13348 885
13348 989
13348 1378
13348 3840
13348 5702
13348 10350
13348 11628
13348 36823
13348 49793
13348 82243
13348 657863
13348 661403
13348 746323
13348 749963
13348 814253
13348 814304
13348 816532
13348 817268
13348 817288
13348 824157
13348 858051
13348 930061
13348 1000591
13348 1045751
13348 1305941
13348 1899161
13348 2384071
13348 2529971
13348 2730791
13348 2735591
13348 3829151
13348 4641021
13348 6141832
13348 6297852
13348 6708952
13348 7040932
13348 8962882
13348 9283312
13348 9641832
13348 11388132
13348 11435642
13348 14329770
13348 14600116
13348 14761795
13348 14834340
13348 14885549
13348 15827269
13348 17220934
13348 17503180
13348 17595439
13348 18204778
13348 19637934
13348 22255654
13348 28917111
13348 37570179
13348 50393960
13348 86390214
13348 93957809
13348 115485051
16023 10450
16023 36823
16023 661403
16023 681813
16023 691353
16023 1979391
16023 2384071
16023 3039101
16023 14538254
16023 20609518
36823 12
36823 20
36823 418
36823 633
36823 767
36823 989
36823 3840
36823 5702
36823 6140
36823 13348
36823 16023
36823 41713
36823 657863
36823 661403
36823 681813
36823 691353
36823 749963
36823 814253
36823 820585
36823 824157
36823 858051
36823 930061
36823 1000591
36823 1305941
36823 2384071
36823 2529971
36823 2729061
36823 2730791
36823 3829151
36823 6141832
36823 6385432
36823 11435642
36823 14199979
36823 14550221
36823 14600116
36823 14714825
36823 14834340
36823 17503180
36823 17595439
36823 50393960
36823 93957809
36823 115485051
41713 20
41713 418
41713 765
41713 3840
41713 10350
41713 10450
41713 16023
41713 36823
41713 661403
41713 681813
41713 691353
41713 817288
41713 1000591
41713 1305941
41713 1424001
41713 2529971
49793 12
49793 20
49793 418
49793 767
49793 989
49793 3840
49793 5702
49793 11628
49793 13348
49793 657863
49793 681813
49793 746323
49793 749963
49793 814253
49793 858051
49793 1000591
49793 2384071
49793 2529971
49793 2730791
49793 6141832
49793 6385432
49793 7040932
49793 8161232
49793 8962882
49793 11388132
49793 14600116
49793 14761795
49793 14834340
49793 14945780
49793 17220934
49793 17503180
49793 19397785
49793 37570179
49793 50393960
49793 86390214
49793 115485051
49793 288452305
49793 378223565
52953 10350
52953 16023
52953 681813
52953 1979391
52953 3039101
52953 14224219
52953 14538254
52953 18571832
52953 70587360
82243 12
82243 20
82243 418
82243 989
82243 3840
82243 5702
82243 13348
82243 49793
82243 657863
82243 749963
82243 814859
82243 1000591
82243 2384071
82243 2729061
82243 2730791
82243 6141832
82243 11388132
82243 11435642
82243 14761795
82243 14834340
82243 15827269
82243 17503180
82243 37570179
82243 93957809
105223 13234
105223 681813
105223 767334
105223 1979391
105223 3039101
105223 6825792
105223 7753922
105223 9487272
105223 13629522
105223 14155052
105223 14326533
105223 14475298
105223 14496538
105223 14538254
105223 14961234
105223 16744475
105223 16799897
105223 17541602
105223 18184416
105223 19738805
105223 19828067
105223 21756999
105223 22525751
105223 24585498
105223 35827447
105223 47667972
105223 70587360
111743 12
111743 20
111743 418
111743 885
111743 989
111743 13348
111743 36823
111743 49793
111743 82243
111743 657863
111743 746323
111743 814253
111743 817268
111743 817288
111743 824157
111743 858051
111743 1000591
111743 1045751
111743 2384071
111743 2730791
111743 3829151
111743 6141832
111743 6708952
111743 8962882
111743 11388132
111743 11435642
111743 14600116
111743 14834340
111743 14885549
111743 17503180
111743 22255654
111743 93957809
657863 12
657863 20
657863 418
657863 989
657863 3840
657863 5702
657863 10350
657863 10450
657863 11628
657863 13348
657863 36823
657863 49793
657863 691353
657863 749963
657863 814304
657863 817288
657863 818340
657863 930061
657863 1000591
657863 1305941
657863 2384071
657863 3829151
657863 4641021
657863 6385432
657863 6708952
657863 7040932
657863 14600116
657863 14761795
657863 17220934
657863 17503180
657863 17595439
657863 20609518
657863 22255654
657863 37570179
657863 42712551
657863 50393960
657863 93957809
657863 115485051
657863 378223565
661403 418
661403 767
661403 13348
661403 36823
661403 681813
661403 691353
661403 814304
661403 930061
661403 1000591
661403 2729061
661403 6141832
661403 14834340
661403 17595439
661403 37570179
678033 20
678033 765
678033 767
678033 6140
678033 13046
678033 13234
678033 681813
678033 814304
678033 2729061
678033 16356796
678033 22525751
681813 633
681813 767
681813 821
681813 6140
681813 13046
681813 13124
681813 33633
681813 36823
681813 105223
681813 661403
681813 814304
681813 814859
681813 1305941
681813 3564041
681813 6297852
681813 6825792
681813 9207632
681813 14199979
681813 14230524
681813 16356796
681813 16744475
681813 19637934
681813 19923765
681813 20609518
681813 24585498
681813 31353077
681813 42712551
681813 44652237
681813 90420314
691353 12
691353 765
691353 767
691353 989
691353 5702
691353 10350
691353 13124
691353 13234
691353 16023
691353 36823
691353 657863
691353 681813
691353 749963
691353 820585
691353 1000591
691353 2384071
691353 2729061
691353 11388132
691353 14274132
691353 37570179
691353 50393960
695463 105223
695463 681813
695463 701163
695463 767334
695463 1979391
695463 3039101
695463 4622401
695463 6825792
695463 7651042
695463 7753922
695463 7765612
695463 12729412
695463 14051156
695463 14475298
695463 14496538
695463 14538254
695463 18939374
695463 19702846
695463 19738805
695463 19828067
695463 28212129
695463 35827447
701163 18184416
746323 12
746323 20
746323 295
746323 418
746323 767
746323 885
746323 989
746323 1378
746323 3840
746323 5702
746323 10350
746323 11628
746323 13348
746323 36823
746323 49793
746323 82243
746323 111743
746323 657863
746323 749963
746323 814253
746323 814304
746323 816532
746323 817288
746323 824157
746323 858051
746323 930061
746323 1000591
746323 1045751
746323 1305941
746323 2384071
746323 2529971
746323 2730791
746323 3829151
746323 4641021
746323 6141832
746323 6385432
746323 6708952
746323 8962882
746323 9641832
746323 11388132
746323 11435642
746323 12436442
746323 14600116
746323 14761795
746323 14834340
746323 15208246
746323 17503180
746323 17595439
746323 18204778
746323 37570179
746323 50393960
749963 12
749963 20
749963 295
749963 885
749963 1378
749963 36823
749963 49793
749963 82243
749963 691353
749963 2384071
749963 2730791
749963 6141832
749963 6708952
749963 11388132
749963 11435642
749963 14600116
749963 14761795
749963 14834340
749963 15827269
749963 17595439
749963 50393960
749963 93957809
767334 105223
767334 681813
767334 695463
767334 4622401
767334 6825792
767334 7753922
767334 12729412
767334 14051156
767334 14475298
767334 14496538
767334 16744475
767334 19738805
767334 19828067
767334 21756999
767334 33676781
767334 35827447
814253 12
814253 20
814253 295
814253 418
814253 767
814253 885
814253 989
814253 1378
814253 3840
814253 5702
814253 10350
814253 11628
814253 13348
814253 36823
814253 49793
814253 657863
814253 746323
814253 749963
814253 817268
814253 817288
814253 824157
814253 858051
814253 1000591
814253 1899161
814253 2384071
814253 2529971
814253 2730791
814253 3829151
814253 6141832
814253 11388132
814253 11435642
814253 14600116
814253 14761795
814253 15827269
814253 17503180
814253 17595439
814253 22255654
814253 93957809
814304 20
814304 418
814304 6140
814304 10350
814304 11628
814304 13046
814304 657863
814304 681813
814304 2384071
814304 8161232
814859 633
814859 33633
814859 82243
814859 681813
814859 2729061
816532 12
816532 20
816532 295
816532 418
816532 989
816532 3840
816532 5702
816532 13348
816532 49793
816532 746323
816532 749963
816532 817288
816532 1000591
816532 1045751
816532 2384071
816532 2529971
816532 2730791
816532 6141832
816532 6708952
816532 8962882
816532 9641832
816532 11388132
816532 14600116
816532 14761795
816532 17503180
816532 17595439
816532 22255654
817094 633
817094 681813
817094 814859
817268 12
817268 20
817268 295
817268 418
817268 767
817268 885
817268 989
817268 1378
817268 3840
817268 5702
817268 10350
817268 13348
817268 36823
817268 49793
817268 657863
817268 661403
817268 749963
817268 814253
817268 814304
817268 817288
817268 824157
817268 858051
817268 930061
817268 1000591
817268 1045751
817268 1305941
817268 1899161
817268 2384071
817268 2529971
817268 2730791
817268 2735591
817268 3829151
817268 6141832
817268 6708952
817268 8962882
817268 9641832
817268 11388132
817268 11435642
817268 14199979
817268 14329770
817268 14600116
817268 14761795
817268 14834340
817268 15827269
817268 17503180
817268 17595439
817268 18204778
817268 19637934
817268 22255654
817268 37570179
817268 50393960
817268 90420314
817268 93957809
817288 12
817288 20
817288 295
817288 418
817288 767
817288 885
817288 989
817288 1378
817288 3840
817288 5702
817288 10350
817288 11628
817288 13348
817288 16023
817288 36823
817288 41713
817288 49793
817288 82243
817288 657863
817288 691353
817288 746323
817288 749963
817288 814253
817288 816532
817288 817268
817288 818340
817288 824157
817288 858051
817288 930061
817288 1000591
817288 1045751
817288 1305941
817288 1899161
817288 2384071
817288 2529971
817288 2730791
817288 3829151
817288 6141832
817288 6708952
817288 8962882
817288 9283312
817288 9641832
817288 11388132
817288 11435642
817288 14600116
817288 14761795
817288 14834340
817288 14885549
817288 15208246
817288 15827269
817288 17503180
817288 17595439
817288 22255654
817288 37570179
817288 50393960
817288 86390214
817288 93957809
817288 115485051
818340 12
818340 20
818340 49793
818340 817288
818340 930061
818340 1000591
818340 2384071
818340 2529971
818340 2735591
818340 4641021
818340 6385432
818340 6708952
818340 7040932
818340 8161232
818340 14761795
818340 17220934
818340 19397785
818340 20609518
818340 42712551
818340 50393960
818340 90420314
818340 93957809
818340 115485051
818340 288452305
820025 681813
820025 695463
820025 1979391
820025 6825792
820025 7753922
820025 17541602
820025 19702846
820025 19738805
820025 21756999
820025 35827447
820025 42584178
820025 47667972
820025 52863920
820025 222822892
820585 767
820585 36823
820585 657863
820585 681813
820585 691353
820585 2384071
820585 2729061
820585 2735591
820585 3829151
820585 9207632
820585 14274132
820585 19397785
824157 12
824157 20
824157 295
824157 418
824157 885
824157 989
824157 1378
824157 3840
824157 5702
824157 11628
824157 13348
824157 36823
824157 49793
824157 657863
824157 746323
824157 749963
824157 814253
824157 814304
824157 817268
824157 817288
824157 858051
824157 1000591
824157 1045751
824157 1899161
824157 2384071
824157 2529971
824157 2730791
824157 3829151
824157 6141832
824157 9641832
824157 11388132
824157 11435642
824157 14600116
824157 14714825
824157 14761795
824157 14834340
824157 15827269
824157 17503180
824157 17595439
824157 22255654
824157 37570179
824157 93957809
858051 12
858051 20
858051 418
858051 767
858051 885
858051 989
858051 3840
858051 5702
858051 11628
858051 13348
858051 36823
858051 49793
858051 82243
858051 657863
858051 746323
858051 814253
858051 817268
858051 817288
858051 824157
858051 930061
858051 1000591
858051 1305941
858051 2384071
858051 2529971
858051 2730791
858051 3829151
858051 4641021
858051 6141832
858051 6385432
858051 6708952
858051 8962882
858051 9283312
858051 9641832
858051 11388132
858051 11435642
858051 14329770
858051 14600116
858051 14761795
858051 14834340
858051 15208246
858051 15827269
858051 17220934
858051 17503180
858051 18204778
858051 22255654
858051 37570179
858051 50393960
858051 86390214
858051 93957809
930061 12
930061 20
930061 633
930061 989
930061 5702
930061 10350
930061 36823
930061 41713
930061 657863
930061 661403
930061 681813
930061 858051
930061 1133701
930061 1305941
930061 2384071
930061 2729061
930061 3829151
930061 4641021
930061 6141832
930061 11435642
930061 14230524
930061 14515931
930061 14834340
930061 16356796
930061 31353077
930061 50393960
930061 115485051
945911 12729412
945911 19701173
945911 26204177
1000591 12
1000591 20
1000591 295
1000591 418
1000591 767
1000591 989
1000591 1378
1000591 3840
1000591 5702
1000591 13348
1000591 41713
1000591 691353
1000591 746323
1000591 817288
1000591 824157
1000591 858051
1000591 1305941
1000591 2384071
1000591 2529971
1000591 2730791
1000591 4641021
1000591 6141832
1000591 6385432
1000591 6708952
1000591 7040932
1000591 8962882
1000591 9641832
1000591 11388132
1000591 11435642
1000591 14600116
1000591 14761795
1000591 15827269
1000591 17503180
1000591 17595439
1000591 22255654
1000591 37570179
1000591 50393960
1000591 115485051
1045751 12
1045751 295
1045751 989
1045751 5702
1045751 36823
1045751 49793
1045751 749963
1045751 816532
1045751 817268
1045751 817288
1045751 824157
1045751 858051
1045751 1000591
1045751 2529971
1045751 2730791
1045751 3829151
1045751 6708952
1045751 8962882
1045751 11388132
1045751 11435642
1045751 14600116
1045751 14714825
1045751 14761795
1045751 14834340
1045751 14885549
1045751 15827269
1045751 17503180
1045751 22255654
1045751 37570179
1045751 93957809
1053221 3415861
1053221 16741826
1053221 16744475
1053221 19735121
1053221 47667972
1133701 633
1133701 681813
1133701 930061
1133701 14199979
1305941 20
1305941 418
1305941 36823
1305941 41713
1305941 661403
1305941 930061
1424001 767
1424001 10450
1424001 661403
1424001 681813
1424001 1305941
1424001 2729061
1899161 12
1899161 20
1899161 295
1899161 418
1899161 767
1899161 885
1899161 989
1899161 1378
1899161 3840
1899161 5702
1899161 11628
1899161 13348
1899161 36823
1899161 49793
1899161 82243
1899161 657863
1899161 746323
1899161 749963
1899161 814253
1899161 817268
1899161 817288
1899161 824157
1899161 858051
1899161 1000591
1899161 1045751
1899161 2384071
1899161 2529971
1899161 2730791
1899161 3829151
1899161 6141832
1899161 6708952
1899161 8962882
1899161 9641832
1899161 11388132
1899161 11435642
1899161 14329770
1899161 14600116
1899161 14761795
1899161 14834340
1899161 14885549
1899161 15827269
1899161 17503180
1899161 17595439
1899161 22255654
1899161 37570179
1899161 93957809
2384071 12
2384071 20
2384071 418
2384071 821
2384071 1378
2384071 3840
2384071 5702
2384071 10350
2384071 11628
2384071 13124
2384071 13234
2384071 13348
2384071 16023
2384071 36823
2384071 49793
2384071 691353
2384071 749963
2384071 814253
2384071 814304
2384071 817288
2384071 818340
2384071 820585
2384071 858051
2384071 930061
2384071 1000591
2384071 1979391
2384071 2729061
2384071 2730791
2384071 3829151
2384071 4641021
2384071 6141832
2384071 6297852
2384071 6385432
2384071 6708952
2384071 7040932
2384071 9207632
2384071 9641832
2384071 11388132
2384071 14274132
2384071 14600116
2384071 14761795
2384071 14834340
2384071 15414807
2384071 15827269
2384071 17503180
2384071 17595439
2384071 50393960
2384071 93957809
2529971 20
2529971 295
2529971 418
2529971 989
2529971 3840
2529971 5702
2529971 10350
2529971 13348
2529971 36823
2529971 817288
2529971 818340
2529971 824157
2529971 858051
2529971 1000591
2529971 2384071
2529971 4641021
2529971 14834340
2529971 17595439
2529971 37570179
2529971 115485051
2729061 20
2729061 633
2729061 765
2729061 767
2729061 821
2729061 989
2729061 6140
2729061 13124
2729061 13234
2729061 33633
2729061 36823
2729061 657863
2729061 661403
2729061 678033
2729061 681813
2729061 691353
2729061 814859
2729061 1305941
2729061 2384071
2729061 3564041
2729061 6297852
2729061 9207632
2729061 14224219
2729061 14274132
2729061 16356796
2729061 17595439
2729061 22525751
2729061 44652237
2730791 20
2730791 295
2730791 767
2730791 885
2730791 989
2730791 5702
2730791 36823
2730791 49793
2730791 858051
2730791 1000591
2730791 1899161
2730791 2384071
2730791 2529971
2730791 6141832
2730791 6708952
2730791 8962882
2730791 11388132
2730791 14600116
2730791 14761795
2730791 14834340
2730791 15827269
2730791 17503180
2730791 17595439
2730791 22255654
2735591 12
2735591 20
2735591 767
2735591 3840
2735591 10350
2735591 13348
2735591 36823
2735591 49793
2735591 657863
2735591 681813
2735591 817268
2735591 818340
2735591 820585
2735591 1000591
2735591 2384071
2735591 3829151
2735591 4641021
2735591 6141832
2735591 6297852
2735591 6385432
2735591 6708952
2735591 7040932
2735591 8161232
2735591 11435642
2735591 14199979
2735591 14761795
2735591 17503180
2735591 19397785
2735591 19637934
2735591 31353077
2735591 50393960
2735591 93957809
2735591 115485051
3039101 16023
3039101 681813
3039101 695463
3039101 6825792
3039101 7765612
3039101 14195122
3039101 14199979
3039101 14906265
3039101 15414807
3039101 16741826
3039101 19738805
3039101 28212129
3415861 1053221
3415861 10883722
3564041 767
3564041 821
3564041 13124
3564041 681813
3564041 2384071
3564041 2729061
3564041 9207632
3564041 14274132
3829151 12
3829151 20
3829151 295
3829151 418
3829151 767
3829151 885
3829151 989
3829151 3840
3829151 5702
3829151 10350
3829151 10450
3829151 11628
3829151 13348
3829151 36823
3829151 49793
3829151 657863
3829151 749963
3829151 814253
3829151 814304
3829151 817268
3829151 817288
3829151 820585
3829151 824157
3829151 858051
3829151 930061
3829151 1000591
3829151 1305941
3829151 1899161
3829151 2384071
3829151 2529971
3829151 2730791
3829151 4641021
3829151 6141832
3829151 6297852
3829151 6385432
3829151 6708952
3829151 7040932
3829151 8161232
3829151 9641832
3829151 11388132
3829151 11435642
3829151 14230524
3829151 14600116
3829151 14761795
3829151 14834340
3829151 15827269
3829151 17220934
3829151 17503180
3829151 17595439
3829151 19637934
3829151 22255654
3829151 50393960
3829151 90420314
3829151 93957809
3829151 115485051
3983631 105223
3983631 4622401
3983631 13638292
3983631 19738805
3983631 19828067
4622401 105223
4622401 681813
4622401 695463
4622401 767334
4622401 1979391
4622401 3039101
4622401 14051156
4622401 14475298
4622401 14538254
4622401 14961234
4622401 16744475
4622401 16799897
4622401 19423063
4622401 19622462
4622401 19637934
4622401 19738805
4622401 21756999
4622401 28212129
4622401 35827447
4622401 47667972
4622401 115485051
4641021 12
4641021 20
4641021 989
4641021 3840
4641021 13348
4641021 36823
4641021 49793
4641021 657863
4641021 746323
4641021 818340
4641021 858051
4641021 930061
4641021 1000591
4641021 1305941
4641021 2384071
4641021 2529971
4641021 2735591
4641021 3829151
4641021 6141832
4641021 6385432
4641021 6708952
4641021 7040932
4641021 11388132
4641021 14761795
4641021 16319797
4641021 17220934
4641021 17503180
4641021 37570179
4641021 50393960
4641021 93957809
4812381 12101862
4812381 14199979
4812381 14224219
4812381 18571832
4812381 47667972
4812381 90420314
6141832 295
6141832 418
6141832 767
6141832 885
6141832 3840
6141832 5702
6141832 11628
6141832 36823
6141832 49793
6141832 82243
6141832 661403
6141832 824157
6141832 1000591
6141832 1305941
6141832 2384071
6141832 2529971
6141832 2730791
6141832 9641832
6141832 11388132
6141832 11435642
6141832 14761795
6141832 14834340
6141832 17503180
6141832 17595439
6141832 93957809
6297852 767
6297852 821
6297852 13124
6297852 13234
6297852 681813
6297852 691353
6297852 820585
6297852 2384071
6297852 2729061
6297852 3564041
6297852 6825792
6297852 9207632
6297852 14274132
6385432 12
6385432 20
6385432 36823
6385432 1000591
6385432 8161232
6385432 19397785
6385432 37570179
6385432 93957809
6385432 115485051
6708952 12
6708952 20
6708952 295
6708952 418
6708952 989
6708952 1378
6708952 3840
6708952 36823
6708952 49793
6708952 657863
6708952 749963
6708952 814253
6708952 817268
6708952 817288
6708952 1000591
6708952 1899161
6708952 2384071
6708952 2529971
6708952 2730791
6708952 2735591
6708952 4641021
6708952 6141832
6708952 6385432
6708952 7040932
6708952 8161232
6708952 8962882
6708952 9641832
6708952 11388132
6708952 11435642
6708952 14600116
6708952 14761795
6708952 14885549
6708952 15827269
6708952 17220934
6708952 17503180
6708952 17595439
6708952 19397785
6708952 20455625
6708952 22255654
6708952 37570179
6708952 50393960
6708952 93957809
6708952 115485051
6825792 13234
6825792 49793
6825792 105223
6825792 681813
6825792 691353
6825792 695463
6825792 1979391
6825792 2384071
6825792 2729061
6825792 3039101
6825792 5969042
6825792 6297852
6825792 7753922
6825792 7765612
6825792 9207632
6825792 9270192
6825792 10883722
6825792 12729412
6825792 13294252
6825792 13629522
6825792 14051156
6825792 14121456
6825792 14155052
6825792 14195122
6825792 14224219
6825792 14274132
6825792 14475298
6825792 14496538
6825792 14538254
6825792 14906265
6825792 14961234
6825792 15876654
6825792 16744475
6825792 17541602
6825792 18184416
6825792 19382657
6825792 19622462
6825792 19738805
6825792 19923765
6825792 21756999
6825792 22525751
6825792 24585498
6825792 35827447
6825792 47667972
6825792 70587360
7040932 12
7040932 20
7040932 3840
7040932 10350
7040932 13348
7040932 657863
7040932 818340
7040932 2384071
7040932 2735591
7040932 3829151
7040932 4641021
7040932 6385432
7040932 6708952
7040932 8161232
7040932 12101862
7040932 17220934
7040932 50393960
7040932 115485051
7169892 105223
7169892 681813
7169892 695463
7169892 1979391
7169892 3039101
7169892 6825792
7169892 7753922
7169892 12729412
7169892 14051156
7169892 14475298
7169892 14496538
7169892 14538254
7169892 14906265
7169892 15876654
7169892 16744475
7169892 17541602
7169892 18184416
7169892 18939374
7169892 19337621
7169892 19702846
7169892 19738805
7169892 21756999
7169892 28212129
7169892 35827447
7169892 47667972
7169892 69945997
7169892 78598588
7169892 91687835
7169892 94311697
7169892 227024319
7651042 695463
7753922 1979391
7753922 3039101
7753922 6825792
7753922 17541602
7753922 19738805
7753922 19923765
7753922 24585498
7753922 35827447
7765612 105223
7765612 681813
7765612 3039101
7765612 6825792
7765612 13629522
7765612 19738805
7765612 47667972
8161232 12
8161232 20
8161232 657863
8161232 17220934
8161232 20609518
8161232 50393960
8634422 10350
8634422 3829151
8634422 18571832
8634422 24585498
8634422 69193714
8634422 90420314
8634422 115485051
8634422 447278787
8962882 12
8962882 20
8962882 3840
8962882 13348
8962882 49793
8962882 657863
8962882 858051
8962882 1000591
8962882 2384071
8962882 2730791
8962882 6141832
8962882 9641832
8962882 14600116
8962882 14761795
8962882 14834340
8962882 15827269
8962882 17503180
8962882 17595439
8962882 37570179
8962882 93957809
9207632 767
9207632 2384071
9207632 2735591
9207632 20609518
9270192 105223
9270192 5969042
9270192 6825792
9270192 7753922
9270192 14475298
9270192 14538254
9270192 14906265
9270192 15876654
9270192 16744475
9270192 19702846
9270192 19738805
9270192 21756999
9270192 35827447
9283312 20
9283312 295
9283312 767
9283312 989
9283312 36823
9283312 49793
9283312 817288
9283312 858051
9283312 1000591
9283312 12436442
9283312 14329770
9283312 14600116
9641832 20
9641832 295
9641832 767
9641832 989
9641832 1378
9641832 3840
9641832 5702
9641832 13348
9641832 36823
9641832 49793
9641832 657863
9641832 746323
9641832 749963
9641832 814253
9641832 816532
9641832 817288
9641832 824157
9641832 858051
9641832 1000591
9641832 1899161
9641832 2384071
9641832 2529971
9641832 2730791
9641832 6141832
9641832 6708952
9641832 8962882
9641832 11388132
9641832 11435642
9641832 14600116
9641832 14761795
9641832 14834340
9641832 15827269
9641832 17503180
9641832 22255654
9641832 37570179
9641832 93957809
9747492 105223
9747492 681813
9747492 695463
9747492 1979391
9747492 3039101
9747492 6825792
9747492 7169892
9747492 7753922
9747492 12729412
9747492 14475298
9747492 14496538
9747492 14538254
9747492 15876654
9747492 16744475
9747492 17541602
9747492 18675183
9747492 19337621
9747492 19382657
9747492 19622462
9747492 19702846
9747492 19735438
9747492 19738805
9747492 21756999
9747492 28212129
9747492 33676781
9747492 35827447
9747492 47667972
10883722 3415861
10883722 6825792
11388132 5702
11388132 49793
11388132 691353
11388132 749963
11388132 2384071
11388132 6141832
11388132 15827269
11388132 17220934
11435642 12
11435642 20
11435642 295
11435642 418
11435642 767
11435642 885
11435642 989
11435642 1378
11435642 3840
11435642 5702
11435642 11628
11435642 13348
11435642 36823
11435642 49793
11435642 82243
11435642 657863
11435642 746323
11435642 749963
11435642 814304
11435642 817268
11435642 817288
11435642 824157
11435642 858051
11435642 930061
11435642 1000591
11435642 1899161
11435642 2384071
11435642 2529971
11435642 2730791
11435642 2735591
11435642 3829151
11435642 6141832
11435642 6708952
11435642 9641832
11435642 11388132
11435642 14600116
11435642 14761795
11435642 14834340
11435642 17503180
11435642 17595439
11435642 22255654
11435642 37570179
11435642 50393960
11435642 93957809
11435642 115485051
12101862 12
12101862 681813
12101862 2384071
12101862 7040932
12101862 50393960
12436442 12
12436442 20
12436442 295
12436442 3840
12436442 13348
12436442 49793
12436442 657863
12436442 746323
12436442 1000591
12436442 2384071
12436442 2729061
12436442 2730791
12436442 3829151
12436442 6141832
12436442 6708952
12436442 9283312
12436442 11435642
12436442 14600116
12436442 14761795
12436442 14834340
12436442 15208246
12436442 93957809
12729412 49793
12729412 681813
12729412 695463
12729412 767334
12729412 945911
12729412 1979391
12729412 3039101
12729412 4622401
12729412 6825792
12729412 7169892
12729412 7753922
12729412 9747492
12729412 14051156
12729412 14195122
12729412 14475298
12729412 14496538
12729412 14538254
12729412 15876654
12729412 17541602
12729412 18675183
12729412 18839185
12729412 19337621
12729412 19382657
12729412 19701173
12729412 19702846
12729412 19735438
12729412 19738805
12729412 26204177
12729412 35827447
12729412 47667972
13294252 695463
13294252 3039101
13294252 5969042
13294252 6825792
13294252 14538254
13629522 105223
13629522 681813
13629522 695463
13629522 3983631
13629522 5969042
13629522 6825792
13629522 14538254
13629522 17541602
13629522 18184416
13629522 19738805
13629522 19828067
13638292 16744475
13638292 19362297
13638292 21756999
13638292 47667972
13639582 1979391
13639582 6825792
13639582 14195122
13639582 16741826
13639582 17541602
13639582 19382657
13639582 69945997
14051156 105223
14051156 695463
14051156 767334
14051156 3983631
14051156 4622401
14051156 6825792
14051156 7169892
14051156 7765612
14051156 9207632
14051156 12729412
14051156 13629522
14051156 14475298
14051156 14961234
14051156 16741826
14051156 17541602
14051156 18675183
14051156 19702846
14051156 33676781
14051156 35827447
14051156 42584178
14051156 78598588
14051156 91004913
14109995 10350
14109995 14224219
14109995 18571832
14109995 47667972
14109995 70587360
14109995 270341223
14121456 681813
14121456 695463
14121456 6825792
14121456 28212129
14155052 10350
14155052 105223
14155052 657863
14155052 681813
14155052 2729061
14155052 6297852
14155052 6825792
14155052 7753922
14155052 14199979
14155052 14224219
14155052 14326533
14155052 14837184
14155052 16799897
14155052 19637934
14155052 19738805
14155052 21756999
14155052 24585498
14155052 50393960
14155052 115485051
14195122 3039101
14195122 6825792
14195122 13639582
14195122 17541602
14195122 19738805
14195122 35827447
14199979 681813
14199979 4812381
14199979 6297852
14199979 14155052
14199979 14837184
14199979 16799897
14199979 22184329
14199979 24585498
14199979 70587360
14224219 767
14224219 13234
14224219 52953
14224219 105223
14224219 1979391
14224219 2729061
14224219 4812381
14224219 6825792
14224219 14475298
14224219 14538254
14224219 18571832
14224219 22525751
14224219 24585498
14224219 44652237
14224219 47667972
14224219 69945997
14224219 70587360
14274132 767
14274132 13234
14274132 681813
14274132 691353
14274132 820585
14274132 2384071
14274132 2729061
14274132 3564041
14274132 9207632
14274132 115485051
14329770 767
14329770 989
14329770 3840
14329770 5702
14329770 13348
14329770 49793
14329770 657863
14329770 817268
14329770 817288
14329770 858051
14329770 1899161
14329770 2384071
14329770 3829151
14329770 6141832
14329770 9283312
14329770 9641832
14329770 14600116
14329770 17595439
14467421 681813
14467421 1979391
14467421 6825792
14467421 7753922
14467421 19382657
14467421 19738805
14467421 35827447
14467421 47667972
14475298 105223
14475298 695463
14475298 767334
14475298 1979391
14475298 4622401
14475298 6825792
14475298 7753922
14475298 9270192
14475298 12729412
14475298 14051156
14475298 14224219
14475298 14538254
14475298 17541602
14475298 18184416
14475298 18675183
14475298 19382657
14475298 19738805
14475298 19828067
14475298 19923765
14475298 21756999
14475298 33676781
14475298 35827447
14496538 1979391
14496538 7753922
14515931 49793
14515931 6385432
14515931 93957809
14515931 115485051
14538254 13234
14538254 16023
14538254 681813
14538254 2384071
14538254 3039101
14538254 4622401
14538254 5969042
14538254 6825792
14538254 14224219
14538254 14475298
14538254 19382657
14538254 24585498
14538254 70587360
14550221 633
14550221 36823
14550221 681813
14550221 22184329
14555534 12
14555534 49793
14555534 7040932
14555534 14945780
14555534 20609518
14555534 93957809
14555534 378223565
14600116 12
14600116 20
14600116 295
14600116 418
14600116 767
14600116 885
14600116 989
14600116 3840
14600116 5702
14600116 13348
14600116 36823
14600116 49793
14600116 657863
14600116 749963
14600116 817268
14600116 817288
14600116 858051
14600116 1000591
14600116 1899161
14600116 2384071
14600116 2529971
14600116 2730791
14600116 6141832
14600116 6708952
14600116 9641832
14600116 11388132
14600116 11435642
14600116 14761795
14600116 14834340
14600116 17503180
14600116 17595439
14600116 22255654
14600116 93957809
14714825 12
14714825 20
14714825 418
14714825 13348
14714825 36823
14714825 49793
14714825 824157
14714825 858051
14714825 1000591
14714825 6141832
14714825 6708952
14714825 14600116
14714825 17595439
14714825 22255654
14761795 12
14761795 20
14761795 295
14761795 989
14761795 1378
14761795 3840
14761795 10350
14761795 13348
14761795 36823
14761795 49793
14761795 657863
14761795 749963
14761795 818340
14761795 858051
14761795 1000591
14761795 2384071
14761795 2730791
14761795 6141832
14761795 6385432
14761795 6708952
14761795 8161232
14761795 9641832
14761795 11388132
14761795 14600116
14761795 14834340
14761795 15414807
14761795 15827269
14761795 17220934
14761795 17595439
14761795 19397785
14761795 37570179
14761795 50393960
14761795 93957809
14834340 767
14834340 885
14834340 989
14834340 13348
14834340 36823
14834340 49793
14834340 661403
14834340 749963
14834340 817288
14834340 824157
14834340 858051
14834340 930061
14834340 1000591
14834340 2384071
14834340 2529971
14834340 2730791
14834340 3829151
14834340 6141832
14834340 6708952
14834340 11388132
14834340 11435642
14834340 14600116
14834340 15827269
14834340 17595439
14837184 681813
14837184 1305941
14837184 3829151
14837184 14155052
14837184 14199979
14837184 24585498
14837184 115485051
14885549 12
14885549 20
14885549 295
14885549 418
14885549 767
14885549 885
14885549 989
14885549 3840
14885549 5702
14885549 10350
14885549 11628
14885549 13348
14885549 36823
14885549 49793
14885549 82243
14885549 111743
14885549 657863
14885549 746323
14885549 749963
14885549 814253
14885549 814304
14885549 816532
14885549 817268
14885549 824157
14885549 858051
14885549 930061
14885549 1000591
14885549 1045751
14885549 1305941
14885549 1899161
14885549 2384071
14885549 2529971
14885549 3829151
14885549 4641021
14885549 6141832
14885549 6385432
14885549 6708952
14885549 8962882
14885549 9641832
14885549 11388132
14885549 11435642
14885549 14761795
14885549 15208246
14885549 15827269
14885549 17503180
14885549 17595439
14885549 22255654
14885549 37570179
14885549 50393960
14885549 93957809
14906265 105223
14906265 681813
14906265 3039101
14906265 6825792
14906265 7169892
14906265 7753922
14906265 9270192
14906265 13629522
14906265 14195122
14906265 14538254
14906265 16744475
14906265 17541602
14906265 18184416
14906265 19738805
14906265 21756999
14906265 35827447
14906265 42584178
14906265 47667972
14908175 18967666
14945780 49793
14961234 105223
14961234 681813
14961234 3039101
14961234 4622401
14961234 6825792
14961234 7765612
14961234 13629522
14961234 14051156
14961234 14538254
14961234 17541602
14961234 18184416
14961234 19738805
14961234 47667972
14961234 52863920
15208246 12
15208246 20
15208246 295
15208246 418
15208246 767
15208246 885
15208246 989
15208246 1378
15208246 3840
15208246 5702
15208246 11628
15208246 13348
15208246 36823
15208246 49793
15208246 82243
15208246 111743
15208246 657863
15208246 746323
15208246 749963
15208246 814253
15208246 814304
15208246 816532
15208246 817268
15208246 817288
15208246 824157
15208246 858051
15208246 1000591
15208246 1045751
15208246 1899161
15208246 2384071
15208246 2529971
15208246 2730791
15208246 3829151
15208246 6141832
15208246 6708952
15208246 8962882
15208246 9283312
15208246 9641832
15208246 11388132
15208246 11435642
15208246 12436442
15208246 14329770
15208246 14600116
15208246 14714825
15208246 14761795
15208246 14834340
15208246 14885549
15208246 15827269
15208246 17503180
15208246 17595439
15208246 18204778
15208246 21174324
15208246 22255654
15208246 37570179
15208246 86390214
15208246 93957809
15208246 96585127
15414807 12
15414807 20
15414807 10350
15414807 36823
15414807 657863
15414807 681813
15414807 858051
15414807 2384071
15414807 6385432
15414807 14761795
15414807 20609518
15414807 50393960
15414807 93957809
15827269 12
15827269 20
15827269 295
15827269 418
15827269 989
15827269 5702
15827269 10350
15827269 36823
15827269 49793
15827269 657863
15827269 746323
15827269 749963
15827269 814253
15827269 858051
15827269 1000591
15827269 1045751
15827269 1899161
15827269 2384071
15827269 2730791
15827269 6141832
15827269 6708952
15827269 8962882
15827269 9641832
15827269 11388132
15827269 14600116
15827269 14761795
15827269 17503180
15827269 17595439
15827269 37570179
15827269 93957809
15876654 695463
15876654 6825792
15876654 7169892
15876654 9270192
15876654 12729412
15876654 14971456
15876654 18675183
15876654 18939374
15876654 19702846
15876654 19738805
15876654 35827447
15876654 42584178
15876654 47667972
15876654 52863920
15876654 227024319
16319797 12
16319797 20
16319797 49793
16319797 657863
16319797 4641021
16319797 17220934
16356796 767
16356796 678033
16356796 681813
16356796 814304
16356796 930061
16356796 2729061
16356796 6297852
16356796 14155052
16356796 16799897
16741826 1979391
16741826 3039101
16741826 6825792
16741826 14538254
16741826 16744475
16741826 17541602
16741826 19382657
16741826 21756999
16741826 28212129
16741826 69945997
16744475 38059349
16744475 47667972
16744475 52863920
16744475 69945997
16799897 767
16799897 10350
16799897 681813
16799897 814859
16799897 1979391
16799897 2729061
16799897 4812381
16799897 6297852
16799897 14155052
16799897 14199979
16799897 14224219
16799897 19738805
16799897 24585498
16799897 47667972
16799897 70587360
16869298 10350
16869298 52953
16869298 2729061
16869298 4812381
16869298 14109995
16869298 14224219
16869298 18571832
16869298 21198307
16869298 47667972
16869298 70587360
16869298 144970345
16869298 270341223
17503180 12
17503180 20
17503180 418
17503180 989
17503180 5702
17503180 13348
17503180 49793
17503180 657863
17503180 749963
17503180 817288
17503180 858051
17503180 2384071
17503180 2730791
17503180 2735591
17503180 6708952
17503180 7040932
17503180 8962882
17503180 11388132
17503180 11435642
17503180 14761795
17503180 22255654
17503180 37570179
17503180 93957809
17541602 105223
17541602 681813
17541602 1979391
17541602 5969042
17541602 6825792
17541602 7753922
17541602 13629522
17541602 14538254
17541602 18184416
17541602 19738805
17541602 19828067
17593731 7765612
17595439 12
17595439 20
17595439 295
17595439 767
17595439 989
17595439 3840
17595439 13348
17595439 36823
17595439 49793
17595439 661403
17595439 749963
17595439 824157
17595439 930061
17595439 1000591
17595439 1305941
17595439 2384071
17595439 2529971
17595439 2729061
17595439 3829151
17595439 6141832
17595439 6708952
17595439 8161232
17595439 11388132
17595439 11435642
17595439 14600116
17595439 14761795
17595439 14834340
17595439 15827269
17595439 17503180
17595439 37570179
17595439 50393960
17595439 93957809
18065104 47667972
18093468 16744475
18093468 18571832
18093468 21756999
18093468 22835308
18093468 100133245
18101685 7169892
18101685 7753922
18101685 42584178
18184416 105223
18184416 681813
18184416 701163
18184416 3039101
18184416 5969042
18184416 6825792
18184416 13629522
18184416 14475298
18184416 14538254
18184416 14906265
18184416 14961234
18184416 17541602
18184416 19828067
18184416 35827447
18204778 12
18204778 20
18204778 989
18204778 3840
18204778 5702
18204778 13348
18204778 36823
18204778 49793
18204778 657863
18204778 746323
18204778 749963
18204778 814253
18204778 817268
18204778 817288
18204778 858051
18204778 1000591
18204778 3829151
18204778 6141832
18204778 6708952
18204778 8962882
18204778 11388132
18204778 11435642
18204778 14600116
18204778 14761795
18204778 14834340
18204778 14885549
18204778 15827269
18204778 17595439
18204778 37570179
18204778 93957809
18571832 49793
18571832 105223
18571832 681813
18571832 695463
18571832 701163
18571832 767334
18571832 820025
18571832 945911
18571832 1053221
18571832 1185971
18571832 1979391
18571832 3039101
18571832 3415861
18571832 3983631
18571832 4622401
18571832 5969042
18571832 6825792
18571832 7062292
18571832 7169892
18571832 7651042
18571832 7753922
18571832 7765612
18571832 8446572
18571832 9270192
18571832 9487272
18571832 9747492
18571832 10883722
18571832 12729412
18571832 12811512
18571832 13294252
18571832 13629522
18571832 13638292
18571832 13639582
18571832 14051156
18571832 14121456
18571832 14195122
18571832 14407767
18571832 14467421
18571832 14475298
18571832 14496538
18571832 14538254
18571832 14576257
18571832 14906265
18571832 14908175
18571832 14961234
18571832 14971456
18571832 15355472
18571832 15876654
18571832 16741826
18571832 16744475
18571832 17065327
18571832 17541602
18571832 17593731
18571832 18056977
18571832 18065104
18571832 18101685
18571832 18184416
18571832 18675183
18571832 18839185
18571832 18899103
18571832 18939374
18571832 18967666
18571832 19337621
18571832 19362297
18571832 19382657
18571832 19423063
18571832 19619624
18571832 19622462
18571832 19701173
18571832 19702846
18571832 19729143
18571832 19735121
18571832 19735438
18571832 19738805
18571832 19760658
18571832 19828067
18571832 21756999
18571832 23244316
18571832 26204177
18571832 26778893
18571832 28212129
18571832 33676781
18571832 35827447
18571832 38059349
18571832 42584178
18571832 47667972
18571832 52863920
18571832 69945997
18571832 71019409
18571832 78598588
18571832 91004913
18571832 91687835
18571832 94311697
18571832 101838355
18571832 104190515
18571832 163711859
18571832 222822892
18571832 227024319
18571832 273371515
18571832 285092147
18571832 299779796
18571832 408556322
18571832 421342897
18571832 424280804
18839185 681813
18839185 1979391
18839185 3039101
18839185 5969042
18839185 6825792
18839185 12729412
18839185 14475298
18839185 16744475
18839185 17541602
18839185 18675183
18839185 19702846
18839185 19738805
18839185 35827447
18839185 47667972
18839185 52863920
18839185 78598588
18899103 49793
18899103 681813
18899103 6825792
18967666 14908175
19337621 695463
19337621 7169892
19337621 9747492
19337621 12729412
19337621 14496538
19337621 16744475
19337621 17541602
19337621 18675183
19337621 19622462
19337621 19735438
19337621 21756999
19337621 38059349
19337621 42584178
19337621 47667972
19337621 69945997
19337621 78598588
19382657 681813
19382657 1979391
19382657 14538254
19382657 19738805
19382657 24585498
19382657 26204177
19382657 69945997
19397785 20
19397785 14230524
19397785 19637934
19619624 13294252
19619624 19738805
19622462 681813
19622462 695463
19622462 4622401
19622462 7753922
19622462 16744475
19622462 18675183
19622462 19397785
19622462 19738805
19637934 20
19637934 19397785
19637934 31353077
19637934 50393960
19637934 90420314
19637934 115485051
19701173 1979391
19701173 12729412
19701173 19362297
19702846 695463
19702846 820025
19702846 1979391
19702846 7169892
19702846 9270192
19702846 12729412
19702846 17541602
19702846 18675183
19702846 19735438
19702846 21756999
19702846 28212129
19702846 35827447
19702846 78598588
19702846 91687835
19729143 695463
19735121 681813
19735121 1053221
19735121 19738805
19735121 47667972
19735121 69945997
19735438 681813
19735438 695463
19735438 9747492
19735438 12729412
19735438 19337621
19735438 19738805
19738805 3039101
19738805 4622401
19738805 6825792
19738805 7753922
19738805 9270192
19738805 12729412
19738805 14155052
19738805 14475298
19738805 15876654
19738805 16744475
19738805 16799897
19738805 17541602
19738805 19923765
19738805 24585498
19738805 35827447
19738805 47667972
19828067 105223
19828067 681813
19828067 695463
19828067 767334
19828067 1979391
19828067 3039101
19828067 3983631
19828067 5969042
19828067 6825792
19828067 13629522
19828067 14475298
19828067 14538254
19828067 15876654
19828067 17541602
19828067 18184416
19828067 18839185
19828067 19382657
19828067 19738805
19828067 35827447
19923765 681813
19923765 1979391
19923765 6825792
19923765 7753922
19923765 14224219
19923765 14475298
19923765 14538254
19923765 18571832
19923765 19738805
19923765 24585498
19923765 47667972
20455625 49793
20455625 8161232
20455625 17220934
20455625 19397785
20455625 20609518
20455625 50393960
20455625 90420314
20455625 115485051
20455625 288452305
21174324 12
21174324 20
21174324 767
21174324 989
21174324 3840
21174324 13348
21174324 49793
21174324 657863
21174324 817268
21174324 2384071
21174324 3829151
21174324 6708952
21198307 18571832
21198307 47667972
21756999 6825792
21756999 14475298
21756999 14538254
21756999 16744475
21756999 18571832
21756999 19702846
21756999 19738805
21756999 19923765
21756999 26778893
21756999 28212129
21756999 33676781
21756999 35827447
21756999 47667972
21756999 52863920
21756999 71019409
21756999 91004913
21756999 91687835
21756999 163711859
21756999 299779796
22184329 633
22184329 36823
22184329 681813
22184329 2729061
22184329 14199979
22184329 14550221
22255654 12
22255654 20
22255654 295
22255654 989
22255654 13348
22255654 49793
22255654 657863
22255654 749963
22255654 858051
22255654 1000591
22255654 2384071
22255654 2529971
22255654 2730791
22255654 6141832
22255654 6708952
22255654 14600116
22255654 14761795
22255654 15827269
22255654 17503180
22255654 37570179
22255654 93957809
22525751 767
22525751 681813
22525751 2729061
22525751 6297852
22525751 6825792
22525751 31353077
22835308 681813
22835308 7753922
22835308 16744475
22835308 18093468
22835308 18571832
22835308 100133245
22954430 20
22954430 765
22954430 767
22954430 6140
22954430 13046
22954430 13234
22954430 36823
22954430 105223
22954430 678033
22954430 681813
22954430 814304
22954430 2729061
22954430 6297852
22954430 14155052
22954430 14199979
22954430 14224219
22954430 14326533
22954430 16356796
22954430 16799897
22954430 22525751
22954430 24585498
22954430 31353077
22954430 70587360
23244316 695463
23244316 1979391
23244316 19729143
24585498 681813
24585498 1979391
24585498 7753922
24585498 14155052
24585498 14224219
24585498 14326533
24585498 14538254
24585498 16799897
24585498 19382657
24585498 19637934
24585498 19738805
24585498 47667972
24585498 50393960
24585498 90420314
24585498 115485051
26204177 945911
26204177 12729412
26204177 19362297
26204177 19382657
26204177 19701173
26204177 19702846
26778893 695463
26778893 7753922
26778893 19738805
26778893 35827447
26778893 104190515
28212129 105223
28212129 681813
28212129 695463
28212129 767334
28212129 1979391
28212129 3039101
28212129 9747492
28212129 14155052
28212129 14496538
28212129 14538254
28212129 16744475
28212129 18571832
28212129 19702846
28212129 19738805
28212129 21756999
28212129 33676781
28212129 38059349
28212129 47667972
28212129 52863920
28212129 69945997
28212129 90420314
28212129 91004913
28212129 227024319
28917111 20
28917111 10350
28917111 13348
28917111 49793
28917111 657863
28917111 31353077
28917111 47667972
28917111 50393960
31153819 12
31153819 20
31153819 49793
31153819 657863
31153819 818340
31153819 1000591
31153819 2529971
31153819 2735591
31153819 4641021
31153819 6385432
31153819 6708952
31153819 7040932
31153819 8161232
31153819 14515931
31153819 14761795
31153819 16319797
31153819 17220934
31153819 19397785
31153819 20455625
31153819 20609518
31153819 36678907
31153819 37570179
31153819 42712551
31153819 50393960
31153819 90420314
31153819 93957809
31153819 115485051
31153819 288452305
31353077 12
31353077 19637934
31353077 90420314
31353077 115485051
31353077 288452305
32547856 49793
32547856 28917111
33676781 681813
33676781 767334
33676781 7169892
33676781 14051156
33676781 14475298
33676781 16744475
33676781 19702846
33676781 21756999
33676781 35827447
33676781 47667972
33676781 52863920
33676781 69945997
33676781 71019409
35012277 681813
35012277 1979391
35012277 7753922
35012277 14155052
35012277 16744475
35012277 18093468
35012277 18571832
35012277 19738805
35012277 19923765
35012277 21756999
35012277 22835308
35012277 28212129
35012277 100133245
35012277 235023651
35012277 341198567
35012277 385080494
35827447 1979391
35827447 3039101
35827447 5969042
35827447 6825792
35827447 7753922
35827447 9270192
35827447 9747492
35827447 12729412
35827447 14475298
35827447 14538254
35827447 15876654
35827447 17541602
35827447 19702846
35827447 19738805
35827447 19828067
36678907 12
36678907 20
36678907 49793
36678907 657863
36678907 1000591
36678907 8161232
36678907 14515931
36678907 20609518
36678907 50393960
36678907 93957809
36678907 115485051
37570179 12
37570179 20
37570179 295
37570179 418
37570179 885
37570179 989
37570179 1378
37570179 10350
37570179 13348
37570179 49793
37570179 82243
37570179 657863
37570179 691353
37570179 746323
37570179 749963
37570179 817268
37570179 817288
37570179 824157
37570179 858051
37570179 1000591
37570179 1305941
37570179 1899161
37570179 2384071
37570179 2529971
37570179 3829151
37570179 4641021
37570179 6141832
37570179 6385432
37570179 6708952
37570179 7040932
37570179 8962882
37570179 9641832
37570179 11388132
37570179 11435642
37570179 14600116
37570179 14834340
37570179 15827269
37570179 17503180
37570179 17595439
37570179 22255654
37570179 50393960
37570179 93957809
37570179 115485051
38059349 16744475
38059349 47667972
42584178 820025
42584178 7753922
42584178 14051156
42584178 14538254
42584178 15876654
42584178 16744475
42584178 18101685
42584178 18675183
42584178 19337621
42584178 19702846
42584178 19738805
42584178 21756999
42584178 47667972
42584178 101838355
42584178 227024319
42712551 12
42712551 10350
42712551 657863
42712551 681813
42712551 818340
42712551 820585
42712551 930061
42712551 1000591
42712551 1133701
42712551 2529971
42712551 2735591
42712551 6385432
42712551 6708952
42712551 7040932
42712551 8161232
42712551 14230524
42712551 14761795
42712551 19397785
42712551 19637934
42712551 37570179
42712551 90420314
42712551 115485051
44652237 33633
44652237 36823
44652237 681813
44652237 814859
44652237 2729061
44652237 14224219
47667972 16744475
47667972 16799897
47667972 38059349
47667972 52863920
47667972 69945997
50393960 749963
50393960 6708952
50393960 8161232
50393960 14761795
52863920 16744475
52863920 38059349
52863920 47667972
52863920 69945997
69193714 8634422
69193714 16744475
69193714 18571832
69193714 21756999
69193714 24585498
69193714 31353077
69193714 90420314
69193714 115485051
69193714 447278787
69945997 16744475
69945997 47667972
69945997 52863920
70587360 14224219
70587360 14538254
71019409 6825792
71019409 16744475
71019409 19337621
71019409 21756999
71019409 33676781
71019409 38059349
71019409 47667972
71019409 69945997
71019409 94311697
71019409 227024319
78598588 695463
78598588 7169892
78598588 14051156
78598588 18675183
78598588 18839185
78598588 19337621
78598588 19622462
78598588 19702846
78598588 35827447
78598588 91004913
78598588 91687835
78598588 101838355
78598588 222822892
78598588 421342897
78598588 424280804
86390214 49793
86390214 2384071
86390214 2730791
86390214 6141832
86390214 11388132
86390214 15827269
90420314 31353077
90420314 115485051
91004913 681813
91004913 7169892
91004913 14051156
91004913 14475298
91004913 15876654
91004913 16744475
91004913 18675183
91004913 19702846
91004913 19738805
91004913 21756999
91004913 28212129
91004913 33676781
91004913 35827447
91004913 38059349
91004913 47667972
91004913 52863920
91004913 69945997
91004913 78598588
91004913 94311697
91004913 163711859
91004913 408556322
91004913 424280804
91687835 681813
91687835 7169892
91687835 16744475
91687835 19337621
91687835 19702846
91687835 21756999
91687835 35827447
91687835 38059349
91687835 78598588
91687835 101838355
91687835 104190515
91687835 222822892
91687835 421342897
93957809 12
93957809 418
93957809 989
93957809 49793
93957809 657863
93957809 749963
93957809 1899161
93957809 6141832
93957809 8161232
93957809 11388132
93957809 14515931
93957809 17220934
93957809 17503180
93957809 17595439
93957809 19397785
93957809 22255654
93957809 50393960
93957809 115485051
94311697 6825792
94311697 7169892
94311697 17541602
94311697 19702846
94311697 21756999
94311697 71019409
94311697 227024319
96585127 12
96585127 20
96585127 418
96585127 885
96585127 989
96585127 3840
96585127 13348
96585127 49793
96585127 657863
96585127 746323
96585127 814253
96585127 817268
96585127 817288
96585127 824157
96585127 858051
96585127 1000591
96585127 1045751
96585127 1899161
96585127 2384071
96585127 2529971
96585127 2730791
96585127 3829151
96585127 11388132
96585127 14600116
96585127 14761795
96585127 14885549
96585127 15827269
96585127 17503180
96585127 17595439
96585127 37570179
96585127 93957809
100133245 18093468
100133245 18571832
100133245 21756999
100133245 22835308
101838355 695463
101838355 78598588
101838355 421342897
104190515 7169892
104190515 7753922
104190515 19337621
104190515 19702846
104190515 19738805
104190515 21756999
104190515 26778893
104190515 28212129
104190515 35827447
104190515 42584178
104190515 91687835
144970345 18571832
144970345 270341223
163711859 21756999
163711859 91004913
222822892 7753922
222822892 35827447
222822892 78598588
222822892 94311697
222822892 101838355
222822892 227024319
227024319 7169892
227024319 21756999
227024319 35827447
227024319 42584178
227024319 71019409
227024319 94311697
227024319 222822892
235023651 681813
235023651 1979391
235023651 7753922
235023651 18571832
235023651 19738805
270341223 10350
270341223 52953
270341223 2729061
270341223 4812381
270341223 14109995
270341223 14224219
270341223 18571832
270341223 21198307
270341223 47667972
270341223 70587360
270341223 144970345
273371515 17541602
273371515 19362297
273371515 19702846
273371515 21756999
273371515 35827447
273371515 47667972
288452305 17220934
288452305 115485051
299779796 681813
299779796 21756999
299779796 33676781
299779796 47667972
341198567 16744475
341198567 18571832
378223565 12
378223565 989
378223565 3840
378223565 13348
378223565 657863
378223565 6141832
378223565 7040932
378223565 20609518
378223565 90420314
378223565 93957809
385080494 1979391
385080494 7753922
385080494 16744475
385080494 18571832
385080494 19923765
385080494 21756999
385080494 28212129
385080494 235023651
421342897 19337621
421342897 21756999
421342897 35827447
421342897 78598588
421342897 91687835
421342897 94311697
421342897 101838355
421342897 104190515
421342897 227024319
421342897 424280804
447278787 8634422
447278787 18571832
447278787 21756999
447278787 28212129
447278787 35827447
447278787 47667972
447278787 69193714
