# subgrafo induzido pelos 250 primeiros vértices de um BFS sem sentido
# dataset: data/raw/twitter_combined.txt
# semente-rng: 2026
# semente: 144319796
# N: 250
# arestas: 4057
14230524 22542097
16854388 21572976
16854388 22465184
16854388 25689832
16854388 28628582
16854388 30478394
16854388 31294167
16854388 35065277
16854388 37060481
16854388 39000244
16854388 39622856
16854388 39793140
16854388 39805814
16854388 40355959
16854388 41469982
16854388 42253232
16854388 43186460
16854388 45435999
16854388 46750407
16854388 50884531
16854388 51543792
16854388 51613496
16854388 51828073
16854388 52473265
16854388 59630220
16854388 65096005
16854388 65370547
16854388 66409671
16854388 68207378
16854388 70458047
16854388 74548256
16854388 77607254
16854388 84903965
16854388 85687328
16854388 93051876
16854388 98809160
16854388 99387429
16854388 99631222
16854388 110253180
16854388 115436566
16854388 116099511
16854388 116245256
16854388 117793928
16854388 117948376
16854388 119217419
16854388 120208344
16854388 120627547
16854388 123121569
16854388 127618089
16854388 127684106
16854388 129631184
16854388 140203448
16854388 144319796
16854388 150273801
16854388 151222208
16854388 155989324
16854388 157137446
16854388 164804966
16854388 166724912
16854388 185331750
16854388 186182395
16854388 207601901
16854388 212329156
16854388 214202608
16854388 221413264
16854388 222248052
16854388 241957644
16854388 281222130
16854388 357331432
17130127 39000244
17130127 127545984
17130127 203893499
17711130 22462180
17711130 34428380
17711130 36475508
17711130 40981798
17711130 43003845
17711130 66398898
17711130 99712896
17711130 107512718
17711130 126391227
17711130 149680650
17711130 224688614
18504495 21572976
18504495 23277227
18504495 28628582
18504495 31294167
18504495 39000244
18504495 39793140
18504495 41469982
18504495 43429151
18504495 46904723
18504495 64532921
18504495 66661590
18504495 70458047
18504495 80096702
18504495 94111672
18504495 117948376
18504495 142391105
18504495 164804966
18504495 188045721
18504495 215980492
21572976 16854388
21572976 43180035
21572976 43186460
21572976 54725490
21572976 57426978
21572976 74548256
21572976 80096702
21572976 110708265
21572976 115436566
21572976 116099511
21572976 120627547
21572976 123121569
21572976 127618089
21572976 137027740
21572976 164804966
21572976 212329156
21572976 251261925
22462180 34428380
22462180 40981798
22462180 43003845
22465184 16854388
22465184 39000244
22465184 50884531
22465184 52473265
22465184 64489627
22465184 117948376
22465184 118570373
22465184 123121569
22465184 128260873
22542097 14230524
23277227 18504495
23277227 40703590
23277227 54725490
23277227 74548256
23277227 85687328
23277227 94111672
23277227 106142776
23277227 109390923
23277227 112178021
23277227 120208344
23277227 126666372
23277227 126915142
23277227 127618089
23277227 129631184
23277227 158800506
23277227 168193966
23277227 227678669
23277227 447502799
25689832 16854388
25689832 28628582
25689832 30478394
25689832 31294167
25689832 35065277
25689832 37060481
25689832 39622856
25689832 39805814
25689832 40355959
25689832 41469982
25689832 42253232
25689832 45435999
25689832 46750407
25689832 52473265
25689832 57701952
25689832 59630220
25689832 65096005
25689832 66409671
25689832 74548256
25689832 77607254
25689832 93051876
25689832 99631222
25689832 116099511
25689832 116245256
25689832 117793928
25689832 119217419
25689832 120627547
25689832 123121569
25689832 127684106
25689832 129631184
25689832 144319796
25689832 155989324
25689832 157137446
25689832 166724912
25689832 186182395
25689832 207601901
25689832 214202608
25689832 281222130
28628582 16854388
28628582 30478394
28628582 31294167
28628582 39000244
28628582 39793140
28628582 40355959
28628582 50884531
28628582 52473265
28628582 53524177
28628582 65370547
28628582 69483760
28628582 70458047
28628582 99631222
28628582 116099511
28628582 117948376
28628582 120208344
28628582 123121569
28628582 140203448
28628582 146250354
28628582 147999706
28628582 157137446
28628582 227678669
28628582 268914056
30478394 16854388
30478394 25689832
30478394 28628582
30478394 35065277
30478394 37060481
30478394 39622856
30478394 39805814
30478394 41469982
30478394 42253232
30478394 43607200
30478394 45435999
30478394 46750407
30478394 50884531
30478394 51613496
30478394 61352392
30478394 65096005
30478394 65370547
30478394 66409671
30478394 68207378
30478394 70458047
30478394 74548256
30478394 77607254
30478394 84903965
30478394 93051876
30478394 99631222
30478394 110253180
30478394 110708265
30478394 116099511
30478394 119217419
30478394 120627547
30478394 123121569
30478394 127684106
30478394 129631184
30478394 144319796
30478394 155989324
30478394 166724912
30478394 214202608
30478394 222248052
30478394 241957644
30478394 357331432
30552541 127545984
31414569 14230524
31414569 21068395
31414569 22462180
31414569 34428380
31414569 36475508
31414569 40981798
31414569 43003845
31414569 59588845
31414569 70492333
31414569 116498875
31414569 129631184
31414569 155661154
31414569 156004026
31414569 187773078
31414569 360245938
34046028 41870991
34046028 43180035
34046028 55917979
34046028 65504845
34046028 66190348
34046028 69349768
34046028 92782231
34046028 106142776
34046028 129631184
34046028 206923101
34046028 214106450
34428380 22462180
34428380 40981798
34428380 43003845
35065277 16854388
35065277 25689832
35065277 30478394
35065277 37060481
35065277 39805814
35065277 40355959
35065277 41469982
35065277 45435999
35065277 46750407
35065277 51613496
35065277 52473265
35065277 65096005
35065277 65370547
35065277 66409671
35065277 68207378
35065277 74548256
35065277 77607254
35065277 116099511
35065277 117793928
35065277 119217419
35065277 120627547
35065277 123121569
35065277 129631184
35065277 157137446
35065277 166724912
35065277 186182395
35065277 207601901
35308050 22462180
35308050 34428380
35308050 40981798
35308050 43003845
35308050 51543792
35308050 54611487
35308050 73252844
35308050 120627547
35308050 127684106
36475508 16854388
36475508 17130127
36475508 17711130
36475508 18504495
36475508 21572976
36475508 22465184
36475508 23277227
36475508 25689832
36475508 28628582
36475508 30478394
36475508 30552541
36475508 30723701
36475508 31294167
36475508 34046028
36475508 35065277
36475508 37060481
36475508 37086650
36475508 39000244
36475508 39622856
36475508 39793140
36475508 39805814
36475508 40355959
36475508 40535570
36475508 40703590
36475508 41469982
36475508 41870991
36475508 42253232
36475508 43180035
36475508 43186460
36475508 43429151
36475508 43607200
36475508 45435999
36475508 46248613
36475508 46551905
36475508 46750407
36475508 46904723
36475508 49148265
36475508 50884531
36475508 51543792
36475508 51613496
36475508 51828073
36475508 52094943
36475508 52473265
36475508 52934833
36475508 53452510
36475508 53524177
36475508 54611487
36475508 54725490
36475508 54947318
36475508 55917979
36475508 57258645
36475508 57426978
36475508 57701952
36475508 58338707
36475508 58356127
36475508 59630220
36475508 60143763
36475508 61352392
36475508 61924683
36475508 63169333
36475508 64489627
36475508 64532921
36475508 65096005
36475508 65370547
36475508 65504845
36475508 66178366
36475508 66190348
36475508 66398898
36475508 66409671
36475508 66661590
36475508 68207378
36475508 68567671
36475508 69033178
36475508 69106995
36475508 69349768
36475508 69483760
36475508 69944557
36475508 69995907
36475508 70188615
36475508 70242865
36475508 70458047
36475508 71614377
36475508 72097691
36475508 72519886
36475508 73793971
36475508 74548256
36475508 75721164
36475508 76990669
36475508 77607254
36475508 78384692
36475508 78702020
36475508 79806862
36475508 80096702
36475508 83443129
36475508 84903965
36475508 85687328
36475508 85716069
36475508 86561505
36475508 87019066
36475508 90497217
36475508 91884854
36475508 92500075
36475508 92782231
36475508 93051876
36475508 93257977
36475508 94079223
36475508 94111672
36475508 95797963
36475508 96469436
36475508 98809160
36475508 99387429
36475508 99631222
36475508 99822359
36475508 106142776
36475508 106452202
36475508 106765077
36475508 107512718
36475508 109390923
36475508 109568333
36475508 110253180
36475508 110708265
36475508 112178021
36475508 115436566
36475508 116099511
36475508 116245256
36475508 117793928
36475508 117948376
36475508 118570373
36475508 119217419
36475508 120208344
36475508 120627547
36475508 122481121
36475508 123121569
36475508 126666372
36475508 126915142
36475508 127545984
36475508 127618089
36475508 127684106
36475508 128260873
36475508 129267461
36475508 129631184
36475508 137027740
36475508 140203448
36475508 142391105
36475508 142715837
36475508 144319796
36475508 146250354
36475508 147999706
36475508 149957548
36475508 150273801
36475508 151222208
36475508 155989324
36475508 157137446
36475508 158800506
36475508 164804966
36475508 166724912
36475508 168193966
36475508 169108031
36475508 175830894
36475508 177522486
36475508 178581767
36475508 184052865
36475508 185331750
36475508 186182395
36475508 186688919
36475508 187773078
36475508 188045721
36475508 203187792
36475508 203893499
36475508 206923101
36475508 207601901
36475508 210188819
36475508 212329156
36475508 214106450
36475508 214202608
36475508 215980492
36475508 221413264
36475508 222248052
36475508 227678669
36475508 241957644
36475508 242362681
36475508 251261925
36475508 252668782
36475508 268914056
36475508 281222130
36475508 311123328
36475508 336564384
36475508 357331432
36475508 360245938
36475508 375857150
36475508 447502799
36475508 546135380
37060481 16854388
37060481 25689832
37060481 30478394
37060481 31294167
37060481 35065277
37060481 39622856
37060481 39793140
37060481 39805814
37060481 40355959
37060481 41469982
37060481 42253232
37060481 43607200
37060481 45435999
37060481 46750407
37060481 51613496
37060481 52473265
37060481 54611487
37060481 57701952
37060481 65096005
37060481 66409671
37060481 77607254
37060481 84903965
37060481 93051876
37060481 99631222
37060481 110253180
37060481 116099511
37060481 119217419
37060481 123121569
37060481 127684106
37060481 129631184
37060481 144319796
37060481 151222208
37060481 155989324
37060481 157137446
37060481 186182395
37060481 207601901
37060481 212329156
37060481 214202608
37060481 222248052
37060481 281222130
37086650 57426978
37086650 80096702
37086650 178581767
37086650 210188819
39000244 17130127
39000244 22465184
39000244 28628582
39000244 39793140
39000244 46248613
39000244 50884531
39000244 58356127
39000244 61352392
39000244 70242865
39000244 71614377
39000244 110708265
39000244 117948376
39000244 118570373
39000244 123121569
39000244 127618089
39000244 127684106
39000244 129631184
39000244 151222208
39000244 164804966
39000244 185331750
39000244 203893499
39000244 546135380
39622856 16854388
39622856 25689832
39622856 30478394
39622856 37060481
39622856 39805814
39622856 41469982
39622856 42253232
39622856 46750407
39622856 51543792
39622856 51613496
39622856 52473265
39622856 57701952
39622856 59630220
39622856 66409671
39622856 77607254
39622856 84903965
39622856 99631222
39622856 123121569
39622856 127684106
39622856 129631184
39622856 144319796
39622856 151222208
39622856 155989324
39622856 157137446
39622856 166724912
39622856 186182395
39622856 207601901
39622856 212329156
39793140 16854388
39793140 28628582
39793140 30723701
39793140 31294167
39793140 37060481
39793140 39000244
39793140 43186460
39793140 46750407
39793140 49148265
39793140 52473265
39793140 53524177
39793140 58356127
39793140 70458047
39793140 95797963
39793140 115436566
39793140 116099511
39793140 123121569
39793140 127545984
39793140 268914056
39805814 16854388
39805814 25689832
39805814 30478394
39805814 31294167
39805814 35065277
39805814 37060481
39805814 39622856
39805814 40355959
39805814 41469982
39805814 42253232
39805814 43607200
39805814 45435999
39805814 51613496
39805814 52473265
39805814 57701952
39805814 65096005
39805814 66409671
39805814 68207378
39805814 74548256
39805814 77607254
39805814 84903965
39805814 93051876
39805814 98809160
39805814 99631222
39805814 110253180
39805814 116099511
39805814 117793928
39805814 119217419
39805814 123121569
39805814 127684106
39805814 129631184
39805814 144319796
39805814 155989324
39805814 157137446
39805814 175830894
39805814 186182395
39805814 222248052
39805814 241957644
39805814 281222130
40355959 16854388
40355959 25689832
40355959 31294167
40355959 35065277
40355959 37060481
40355959 39805814
40355959 41469982
40355959 42253232
40355959 45435999
40355959 46750407
40355959 52473265
40355959 57701952
40355959 66409671
40355959 68207378
40355959 77607254
40355959 84903965
40355959 93051876
40355959 99631222
40355959 110253180
40355959 116099511
40355959 117793928
40355959 119217419
40355959 129631184
40355959 140203448
40355959 155989324
40355959 157137446
40355959 207601901
40355959 241957644
40355959 357331432
40535570 57258645
40535570 127545984
40703590 23277227
40703590 60143763
40703590 69033178
40703590 73793971
40703590 92500075
40703590 99822359
40703590 106765077
40703590 117793928
40703590 127684106
40703590 137027740
40703590 158800506
40703590 185331750
40703590 206923101
40703590 210188819
40703590 214106450
40981798 22462180
40981798 34428380
40981798 43003845
40981798 187773078
41469982 16854388
41469982 25689832
41469982 30478394
41469982 35065277
41469982 37060481
41469982 39622856
41469982 39805814
41469982 40355959
41469982 42253232
41469982 43607200
41469982 46750407
41469982 51613496
41469982 52473265
41469982 59630220
41469982 65096005
41469982 66409671
41469982 74548256
41469982 77607254
41469982 84903965
41469982 91884854
41469982 93051876
41469982 99387429
41469982 99631222
41469982 110253180
41469982 116099511
41469982 119217419
41469982 120627547
41469982 123121569
41469982 127684106
41469982 129631184
41469982 144319796
41469982 155989324
41469982 157137446
41469982 166724912
41469982 186182395
41469982 207601901
41469982 212329156
41469982 221413264
41469982 222248052
41469982 241957644
41469982 357331432
41870991 34046028
41870991 43180035
41870991 55917979
41870991 65504845
41870991 92782231
41870991 106142776
41870991 127684106
41870991 206923101
42253232 16854388
42253232 25689832
42253232 30478394
42253232 37060481
42253232 39622856
42253232 39805814
42253232 40355959
42253232 41469982
42253232 45435999
42253232 46750407
42253232 51543792
42253232 51613496
42253232 52473265
42253232 65096005
42253232 66409671
42253232 68207378
42253232 74548256
42253232 77607254
42253232 84903965
42253232 93051876
42253232 99631222
42253232 109568333
42253232 110253180
42253232 116099511
42253232 119217419
42253232 120627547
42253232 123121569
42253232 127684106
42253232 129631184
42253232 144319796
42253232 155989324
42253232 157137446
42253232 166724912
42253232 175830894
42253232 186182395
42253232 207601901
42253232 212329156
42253232 221413264
42253232 241957644
42253232 357331432
43003845 22462180
43003845 34428380
43003845 40981798
43003845 187773078
43180035 21572976
43180035 34046028
43180035 41870991
43180035 55917979
43180035 57426978
43180035 65504845
43180035 69349768
43180035 92782231
43180035 106142776
43180035 127684106
43180035 129631184
43180035 142391105
43180035 164804966
43180035 214106450
43186460 16854388
43186460 21572976
43186460 31294167
43186460 39793140
43186460 46750407
43186460 51613496
43186460 52473265
43186460 54725490
43186460 58356127
43186460 66398898
43186460 66409671
43186460 70458047
43186460 110708265
43186460 115436566
43186460 116245256
43186460 123121569
43186460 129631184
43186460 151222208
43186460 168193966
43186460 169108031
43186460 214202608
43186460 252668782
43429151 22462180
43429151 34428380
43429151 40981798
43429151 43003845
43429151 66398898
43429151 70458047
43429151 252668782
45435999 16854388
45435999 25689832
45435999 30478394
45435999 35065277
45435999 37060481
45435999 39805814
45435999 40355959
45435999 42253232
45435999 43607200
45435999 46750407
45435999 51613496
45435999 52473265
45435999 65096005
45435999 66409671
45435999 77607254
45435999 93051876
45435999 99631222
45435999 116099511
45435999 117793928
45435999 119217419
45435999 123121569
45435999 129631184
45435999 144319796
45435999 155989324
45435999 157137446
45435999 186182395
45435999 281222130
46248613 28628582
46248613 39000244
46248613 46750407
46248613 50884531
46248613 52473265
46248613 61352392
46248613 69483760
46248613 70458047
46248613 94111672
46248613 106452202
46248613 110708265
46248613 122481121
46248613 123121569
46248613 129631184
46248613 137027740
46248613 140203448
46248613 157137446
46551905 39000244
46750407 16854388
46750407 25689832
46750407 30478394
46750407 31294167
46750407 35065277
46750407 37060481
46750407 39622856
46750407 39793140
46750407 40355959
46750407 41469982
46750407 42253232
46750407 43186460
46750407 45435999
46750407 50884531
46750407 52473265
46750407 57701952
46750407 65096005
46750407 65370547
46750407 66409671
46750407 68207378
46750407 70242865
46750407 70458047
46750407 75721164
46750407 77607254
46750407 84903965
46750407 99631222
46750407 110253180
46750407 116099511
46750407 116245256
46750407 119217419
46750407 120208344
46750407 122481121
46750407 140203448
46750407 144319796
46750407 150273801
46750407 155989324
46750407 157137446
46750407 186182395
46750407 207601901
46750407 212329156
46750407 214202608
46904723 18504495
46904723 66661590
46904723 74548256
46904723 109390923
46904723 110708265
46904723 120208344
46904723 142715837
46904723 168193966
46904723 186688919
46904723 215980492
46904723 227678669
49148265 31294167
49148265 39793140
49148265 53524177
49148265 71614377
49148265 95797963
49148265 268914056
50766536 129631184
50766536 155951259
51543792 16854388
51543792 22462180
51543792 34428380
51543792 35308050
51543792 39622856
51543792 40981798
51543792 42253232
51543792 43003845
51543792 54611487
51543792 73252844
51543792 74548256
51543792 83307244
51543792 84903965
51543792 89463324
51543792 91884854
51543792 120627547
51543792 127684106
51543792 129631184
51543792 133783957
51543792 151222208
51543792 155989324
51543792 161465015
51543792 166724912
51543792 168834731
51613496 16854388
51613496 30478394
51613496 31294167
51613496 35065277
51613496 37060481
51613496 39622856
51613496 39805814
51613496 41469982
51613496 42253232
51613496 43186460
51613496 45435999
51613496 50884531
51613496 52473265
51613496 65096005
51613496 66409671
51613496 68207378
51613496 70458047
51613496 74548256
51613496 77607254
51613496 84903965
51613496 93051876
51613496 98809160
51613496 99631222
51613496 110253180
51613496 116099511
51613496 117793928
51613496 119217419
51613496 120627547
51613496 123121569
51613496 127618089
51613496 127684106
51613496 129631184
51613496 140203448
51613496 144319796
51613496 149957548
51613496 151222208
51613496 166724912
51613496 186182395
51613496 207601901
51613496 212329156
51613496 222248052
51613496 241957644
51613496 281222130
51613496 357331432
51828073 16854388
51828073 66398898
51828073 68207378
51828073 74548256
51828073 84903965
51828073 117793928
51828073 120627547
51828073 123121569
51828073 129631184
51828073 144319796
51828073 157137446
51828073 212329156
51828073 221413264
51828073 241957644
51828073 252668782
51828073 357331432
52094943 129631184
52473265 16854388
52473265 22465184
52473265 25689832
52473265 28628582
52473265 31294167
52473265 35065277
52473265 37060481
52473265 39622856
52473265 39793140
52473265 39805814
52473265 40355959
52473265 41469982
52473265 42253232
52473265 43186460
52473265 43607200
52473265 45435999
52473265 46750407
52473265 51613496
52473265 53524177
52473265 59630220
52473265 65096005
52473265 65370547
52473265 68207378
52473265 70458047
52473265 74548256
52473265 75721164
52473265 77607254
52473265 93051876
52473265 99387429
52473265 99631222
52473265 109568333
52473265 110708265
52473265 116099511
52473265 116245256
52473265 117793928
52473265 118570373
52473265 119217419
52473265 120208344
52473265 123121569
52473265 127618089
52473265 129631184
52473265 137027740
52473265 144319796
52473265 157137446
52473265 166724912
52473265 175830894
52473265 186182395
52473265 214202608
52473265 268914056
52473265 357331432
52934833 70242865
52934833 129267461
52934833 129631184
52934833 164804966
53452510 43607200
53452510 84903965
53452510 93051876
53452510 151222208
53452510 281222130
53496283 14230524
53496283 22462180
53496283 34428380
53496283 40981798
53496283 43003845
53496283 70492333
53496283 74860418
53496283 116498875
53496283 126391227
53496283 129631184
53496283 134548250
53496283 136046012
53496283 149680650
53496283 155951259
53496283 166811519
53496283 184097849
53496283 188108667
53524177 28628582
53524177 31294167
53524177 39793140
53524177 49148265
53524177 52473265
53524177 70458047
53524177 71614377
53524177 75721164
53524177 95797963
53524177 123121569
53524177 268914056
54611487 22462180
54611487 34428380
54611487 35308050
54611487 37060481
54611487 40981798
54611487 43003845
54611487 51543792
54611487 70492333
54611487 73252844
54611487 74548256
54611487 83307244
54611487 84903965
54611487 89463324
54611487 91884854
54611487 93998005
54611487 120627547
54611487 127684106
54611487 129631184
54611487 133783957
54611487 151222208
54611487 155989324
54611487 161465015
54611487 168834731
54725490 21572976
54725490 23277227
54725490 43186460
54725490 57426978
54725490 61352392
54725490 66661590
54725490 70458047
54725490 85687328
54725490 94111672
54725490 109390923
54725490 110708265
54725490 112178021
54725490 115436566
54725490 120208344
54725490 128260873
54725490 129267461
54725490 137027740
54725490 158800506
54725490 164804966
54725490 168193966
54725490 178581767
54725490 186688919
54725490 215980492
54725490 227678669
54725490 252668782
54947318 58356127
54947318 69483760
54947318 70458047
54947318 120208344
54947318 127618089
55917979 34046028
55917979 41870991
55917979 43180035
55917979 63169333
55917979 65504845
55917979 69349768
55917979 92782231
55917979 106142776
55917979 120627547
55917979 129631184
55917979 164804966
56449726 22462180
56449726 34428380
56449726 40981798
56449726 43003845
56449726 70492333
56449726 129631184
57258645 39000244
57258645 40535570
57426978 21572976
57426978 43180035
57426978 54725490
57426978 61352392
57426978 66661590
57426978 78702020
57426978 80096702
57426978 92782231
57426978 94111672
57426978 99387429
57426978 109390923
57426978 115436566
57426978 120208344
57426978 123121569
57426978 128260873
57426978 129631184
57426978 137027740
57426978 164804966
57426978 168193966
57426978 175830894
57426978 215980492
57426978 227678669
57701952 25689832
57701952 37060481
57701952 39622856
57701952 39805814
57701952 40355959
57701952 46750407
57701952 66409671
57701952 68207378
57701952 93051876
57701952 96469436
57701952 99631222
57701952 123121569
57701952 129631184
57701952 157137446
57701952 186182395
57701952 222248052
57701952 281222130
58338707 106765077
58356127 31294167
58356127 39000244
58356127 39793140
58356127 43186460
58356127 54947318
58356127 70458047
58356127 116245256
58356127 120208344
58356127 123121569
58356127 127618089
58356127 268914056
59588845 21068395
59588845 22462180
59588845 31414569
59588845 34428380
59588845 36475508
59588845 40981798
59588845 43003845
59588845 63600411
59588845 70492333
59588845 122874598
59588845 129631184
59588845 141368711
59588845 309861288
59630220 16854388
59630220 25689832
59630220 39622856
59630220 41469982
59630220 52473265
59630220 65096005
59630220 68567671
59630220 74548256
59630220 77607254
59630220 109568333
59630220 110253180
59630220 127684106
59630220 129631184
59630220 166724912
59630220 175830894
59630220 221413264
59630220 222248052
59630220 375857150
61352392 39000244
61352392 40981798
61352392 54725490
61352392 57426978
61352392 106452202
61352392 109390923
61352392 110708265
61352392 120208344
61352392 127618089
61352392 128260873
61352392 142391105
61352392 164804966
61352392 168193966
61352392 215980492
61515224 14230524
61515224 157137446
61924683 66661590
61924683 70458047
61924683 120208344
61924683 168193966
61924683 178581767
63169333 55917979
63169333 84903965
63169333 127684106
63169333 129631184
63169333 187773078
63169333 188045721
64489627 22465184
64489627 52473265
64489627 65370547
64489627 118570373
64532921 18504495
64532921 69033178
64532921 129631184
64532921 142715837
65096005 16854388
65096005 25689832
65096005 30478394
65096005 31294167
65096005 35065277
65096005 37060481
65096005 39805814
65096005 41469982
65096005 42253232
65096005 43607200
65096005 45435999
65096005 46750407
65096005 51613496
65096005 52473265
65096005 59630220
65096005 66409671
65096005 68207378
65096005 74548256
65096005 77607254
65096005 84903965
65096005 93051876
65096005 99631222
65096005 109568333
65096005 110253180
65096005 116099511
65096005 117793928
65096005 119217419
65096005 120627547
65096005 123121569
65096005 127684106
65096005 129631184
65096005 144319796
65096005 151222208
65096005 155989324
65096005 157137446
65096005 166724912
65096005 175830894
65096005 186182395
65096005 207601901
65096005 222248052
65096005 241957644
65096005 357331432
65370547 16854388
65370547 28628582
65370547 30478394
65370547 35065277
65370547 40355959
65370547 46750407
65370547 52473265
65370547 61352392
65370547 64489627
65370547 66661590
65370547 80096702
65370547 99631222
65370547 110708265
65370547 120208344
65370547 123121569
65370547 127618089
65370547 129631184
65370547 140203448
65370547 157137446
66190348 34046028
66190348 69349768
66190348 106142776
66190348 123121569
66190348 127684106
66190348 129267461
66190348 129631184
66190348 157137446
66398898 22462180
66398898 34428380
66398898 40981798
66398898 43003845
66398898 43186460
66398898 43429151
66398898 51828073
66398898 61352392
66398898 66661590
66398898 70458047
66398898 109390923
66398898 110708265
66398898 116245256
66398898 215980492
66398898 251261925
66398898 252668782
66409671 16854388
66409671 25689832
66409671 30478394
66409671 35065277
66409671 37060481
66409671 39622856
66409671 39805814
66409671 40355959
66409671 41469982
66409671 42253232
66409671 43186460
66409671 43607200
66409671 45435999
66409671 46750407
66409671 51613496
66409671 57701952
66409671 65096005
66409671 68207378
66409671 77607254
66409671 99631222
66409671 110253180
66409671 116099511
66409671 116245256
66409671 119217419
66409671 120627547
66409671 123121569
66409671 129631184
66409671 155989324
66409671 157137446
66409671 186182395
66409671 207601901
66409671 214202608
66661590 54725490
66661590 57426978
66661590 66398898
66661590 70458047
66661590 94111672
66661590 109390923
66661590 126666372
66661590 128260873
66661590 164804966
66661590 215980492
66661590 252668782
68567671 52473265
68567671 59630220
68567671 120627547
68567671 151222208
68567671 222248052
68567671 311123328
69033178 40703590
69033178 64532921
69033178 92500075
69033178 110708265
69033178 142391105
69033178 227678669
69106995 61352392
69106995 109390923
69349768 34046028
69349768 43180035
69349768 52094943
69349768 52473265
69349768 52934833
69349768 55917979
69349768 58356127
69349768 65504845
69349768 66190348
69349768 69995907
69349768 70242865
69349768 72097691
69349768 74548256
69349768 75721164
69349768 78384692
69349768 78702020
69349768 91884854
69349768 92782231
69349768 106142776
69349768 110253180
69349768 112178021
69349768 116099511
69349768 120208344
69349768 120627547
69349768 123121569
69349768 127684106
69349768 129631184
69349768 142391105
69349768 146250354
69349768 151222208
69349768 206923101
69483760 28628582
69483760 50884531
69483760 120208344
69483760 147999706
69483760 168193966
69944557 43186460
69944557 85687328
69944557 142715837
69995907 69349768
69995907 158800506
70188615 106142776
70242865 39000244
70242865 46750407
70242865 52934833
70242865 65504845
70242865 69349768
70242865 117948376
70242865 118570373
70242865 129631184
70242865 142391105
70242865 157137446
70242865 175830894
70458047 28628582
70458047 30478394
70458047 30723701
70458047 31294167
70458047 39793140
70458047 43186460
70458047 43429151
70458047 46750407
70458047 50884531
70458047 51613496
70458047 52473265
70458047 53524177
70458047 54725490
70458047 58356127
70458047 66398898
70458047 66661590
70458047 75721164
70458047 93051876
70458047 94111672
70458047 109390923
70458047 112178021
70458047 115436566
70458047 116099511
70458047 116245256
70458047 120208344
70458047 123121569
70458047 127684106
70458047 128260873
70458047 129631184
70458047 137027740
70458047 140203448
70458047 164804966
70458047 168193966
70458047 214202608
70458047 215980492
70458047 252668782
70458047 268914056
70492333 22462180
70492333 34428380
70492333 35308050
70492333 40981798
70492333 43003845
70492333 51543792
70492333 54611487
70492333 73252844
70492333 83307244
70492333 89463324
70492333 93998005
70492333 120627547
70492333 127684106
70492333 133783957
70492333 141368711
70492333 156004026
70492333 161465015
70492333 168834731
71614377 30723701
71614377 31294167
71614377 39000244
71614377 49148265
71614377 53524177
71614377 95797963
71614377 268914056
72097691 66661590
72097691 69349768
72097691 70458047
72097691 117948376
72097691 123121569
72097691 140203448
72097691 214106450
72519886 39000244
72519886 40355959
72519886 55917979
72519886 85716069
72519886 106142776
72519886 107512718
72519886 129631184
72519886 177522486
73252844 22462180
73252844 34428380
73252844 35308050
73252844 40981798
73252844 43003845
73252844 51543792
73252844 54611487
73252844 70492333
73252844 89463324
73252844 120627547
73252844 127684106
73793971 39793140
73793971 43186460
73793971 52473265
73793971 61352392
73793971 70458047
73793971 75721164
73793971 110708265
73793971 127618089
73793971 129631184
73793971 147999706
73793971 157137446
73793971 164804966
73793971 227678669
74548256 16854388
74548256 21572976
74548256 23277227
74548256 25689832
74548256 30478394
74548256 35065277
74548256 39805814
74548256 41469982
74548256 42253232
74548256 46904723
74548256 51543792
74548256 51613496
74548256 51828073
74548256 52473265
74548256 54611487
74548256 59630220
74548256 65096005
74548256 68207378
74548256 69349768
74548256 77607254
74548256 78702020
74548256 84903965
74548256 115436566
74548256 116099511
74548256 120627547
74548256 123121569
74548256 127618089
74548256 127684106
74548256 129631184
74548256 151222208
74548256 155989324
74548256 157137446
74548256 166724912
74548256 169108031
74548256 212329156
74548256 241957644
74860418 14230524
74860418 22462180
74860418 34428380
74860418 40981798
74860418 43003845
74860418 53496283
74860418 70492333
74860418 85716069
74860418 116498875
74860418 120666148
74860418 126391227
74860418 129631184
74860418 131369976
74860418 134548250
74860418 136046012
74860418 137156454
74860418 139872488
74860418 143169862
74860418 149680650
74860418 155951259
74860418 166811519
74860418 175431001
74860418 184097849
74860418 188108667
75721164 31294167
75721164 46750407
75721164 52473265
75721164 53524177
75721164 70458047
75721164 80096702
75721164 83443129
75721164 99387429
75721164 110708265
75721164 123121569
75721164 127684106
75721164 129631184
75721164 147999706
76990669 14230524
76990669 22462180
76990669 34428380
76990669 40981798
76990669 43003845
76990669 149680650
77607254 16854388
77607254 25689832
77607254 30478394
77607254 35065277
77607254 37060481
77607254 39622856
77607254 39805814
77607254 40355959
77607254 41469982
77607254 42253232
77607254 43607200
77607254 45435999
77607254 46750407
77607254 51613496
77607254 52473265
77607254 59630220
77607254 65096005
77607254 66409671
77607254 68207378
77607254 74548256
77607254 84903965
77607254 93051876
77607254 99631222
77607254 110253180
77607254 116099511
77607254 117793928
77607254 119217419
77607254 120208344
77607254 120627547
77607254 123121569
77607254 127684106
77607254 129267461
77607254 129631184
77607254 144319796
77607254 155989324
77607254 157137446
77607254 166724912
77607254 175830894
77607254 186182395
77607254 207601901
77607254 281222130
78384692 21572976
78384692 65504845
78384692 66661590
78384692 69349768
78384692 85687328
78384692 92782231
78384692 106142776
78384692 120208344
78384692 127618089
78384692 129631184
78384692 212329156
78384692 227678669
78702020 57426978
78702020 74548256
78702020 80096702
78702020 164804966
79806862 23277227
79806862 40981798
79806862 43003845
79806862 57426978
79806862 66661590
79806862 94111672
79806862 112178021
79806862 123121569
79806862 127618089
79806862 128260873
79806862 164804966
79806862 215980492
80096702 21572976
80096702 57426978
80096702 75721164
80096702 78702020
80096702 85687328
80096702 94111672
80096702 106142776
80096702 115436566
80096702 119217419
80096702 120208344
80096702 127618089
80096702 129631184
80096702 137027740
80096702 142391105
80096702 164804966
80096702 168193966
80096702 186688919
80096702 227678669
80096702 251261925
81631697 21068395
81631697 34428380
81631697 36475508
81631697 40981798
81631697 43003845
81631697 85716069
81631697 107512718
81631697 155661154
81631697 546135380
83307244 22462180
83307244 34428380
83307244 40981798
83307244 51543792
83307244 54611487
83307244 73252844
83307244 89463324
83307244 120627547
83307244 141368711
83443129 75721164
84903965 16854388
84903965 30478394
84903965 37060481
84903965 39622856
84903965 39805814
84903965 40355959
84903965 41469982
84903965 42253232
84903965 46750407
84903965 51543792
84903965 51613496
84903965 51828073
84903965 53452510
84903965 54611487
84903965 63169333
84903965 65096005
84903965 68207378
84903965 74548256
84903965 77607254
84903965 93051876
84903965 96469436
84903965 99631222
84903965 110253180
84903965 116099511
84903965 117948376
84903965 120627547
84903965 123121569
84903965 127618089
84903965 127684106
84903965 129631184
84903965 144319796
84903965 149957548
84903965 151222208
84903965 155989324
84903965 157137446
84903965 166724912
84903965 186182395
84903965 207601901
84903965 212329156
84903965 214202608
84903965 221413264
84903965 241957644
84903965 357331432
85687328 16854388
85687328 23277227
85687328 43186460
85687328 54725490
85687328 69944557
85687328 80096702
85687328 109390923
85687328 110708265
85687328 112178021
85687328 120208344
85687328 126666372
85687328 127618089
85687328 128260873
85687328 168193966
85687328 178581767
85687328 186688919
85687328 215980492
85687328 227678669
85716069 21068395
85716069 22462180
85716069 34428380
85716069 36475508
85716069 40981798
85716069 43003845
85716069 70492333
85716069 81631697
85716069 107512718
85716069 120627547
85716069 126391227
85716069 134548250
85716069 136046012
85716069 137156454
85716069 139872488
85716069 143169862
85716069 149657313
85716069 149680650
85716069 155661154
85716069 155951259
85716069 160053476
85716069 164804966
85716069 166811519
85716069 171324921
85716069 175431001
85716069 187773078
85716069 188108667
85716069 360245938
86173523 22462180
86173523 34428380
86173523 36475508
86173523 40981798
86173523 43003845
86173523 43429151
86173523 66398898
86173523 85716069
86173523 107512718
86173523 126391227
86173523 136046012
86173523 137156454
86173523 149680650
86173523 155951259
86173523 160053476
86173523 188108667
86173523 215980492
86173523 224688614
86173523 251261925
86173523 252668782
87019066 21572976
87019066 52934833
87019066 54725490
87019066 61352392
87019066 66398898
87019066 66661590
87019066 70458047
87019066 80096702
87019066 110708265
87019066 168193966
87019066 178581767
87019066 215980492
87019066 252668782
90497217 39000244
90497217 117948376
90497217 164804966
91884854 41469982
91884854 51543792
91884854 54611487
91884854 69349768
91884854 129631184
92500075 40703590
92500075 69033178
92500075 106765077
92782231 34046028
92782231 41870991
92782231 43180035
92782231 55917979
92782231 57426978
92782231 69349768
92782231 78384692
92782231 106142776
92782231 214106450
93051876 16854388
93051876 25689832
93051876 30478394
93051876 37060481
93051876 39805814
93051876 40355959
93051876 41469982
93051876 42253232
93051876 45435999
93051876 50884531
93051876 51613496
93051876 52473265
93051876 53452510
93051876 57701952
93051876 65096005
93051876 70458047
93051876 77607254
93051876 84903965
93051876 98809160
93051876 99631222
93051876 110253180
93051876 116099511
93051876 119217419
93051876 123121569
93051876 144319796
93051876 151222208
93051876 157137446
93051876 186182395
93051876 222248052
93051876 241957644
93051876 281222130
93051876 357331432
93257977 59630220
93257977 66661590
93257977 151222208
93998005 14230524
93998005 22542097
93998005 61515224
93998005 157137446
93998005 374052936
94111672 23277227
94111672 54725490
94111672 57426978
94111672 66661590
94111672 70458047
94111672 80096702
94111672 109390923
94111672 112178021
94111672 116099511
94111672 120208344
94111672 137027740
94111672 164804966
94111672 168193966
94111672 178581767
94111672 215980492
94111672 227678669
95797963 31294167
95797963 39793140
95797963 49148265
95797963 53524177
95797963 71614377
98809160 16854388
98809160 39805814
98809160 51613496
98809160 93051876
98809160 144319796
99387429 16854388
99387429 21572976
99387429 39000244
99387429 39793140
99387429 41469982
99387429 43186460
99387429 52473265
99387429 57426978
99387429 75721164
99387429 80096702
99387429 106452202
99387429 127618089
99387429 129631184
99387429 164804966
99387429 168193966
99387429 175830894
99631222 16854388
99631222 25689832
99631222 28628582
99631222 30478394
99631222 37060481
99631222 39622856
99631222 39805814
99631222 40355959
99631222 41469982
99631222 42253232
99631222 43607200
99631222 45435999
99631222 46750407
99631222 51613496
99631222 52473265
99631222 57701952
99631222 65096005
99631222 66409671
99631222 68207378
99631222 77607254
99631222 84903965
99631222 93051876
99631222 110253180
99631222 116099511
99631222 117793928
99631222 118570373
99631222 119217419
99631222 123121569
99631222 129631184
99631222 140203448
99631222 144319796
99631222 150273801
99631222 155989324
99631222 157137446
99631222 175830894
99631222 186182395
99631222 207601901
99631222 241957644
99631222 357331432
99712896 17711130
99712896 22462180
99712896 34428380
99712896 36475508
99712896 43003845
99712896 85716069
99712896 86173523
99712896 107512718
99712896 116498875
99712896 126391227
99712896 134548250
99712896 137156454
99712896 150273565
99712896 155661154
99712896 155951259
99712896 160053476
99712896 184097849
99712896 187773078
99712896 188108667
99712896 217506336
99822359 23277227
99822359 40703590
99822359 106765077
99822359 215980492
106142776 23277227
106142776 34046028
106142776 41870991
106142776 43180035
106142776 55917979
106142776 65504845
106142776 66190348
106142776 69349768
106142776 70188615
106142776 72519886
106142776 78384692
106142776 80096702
106142776 92782231
106142776 127684106
106142776 129631184
106142776 178581767
106142776 206923101
106142776 214106450
106142776 227678669
106452202 21572976
106452202 28628582
106452202 39000244
106452202 39793140
106452202 43429151
106452202 52473265
106452202 57426978
106452202 61352392
106452202 66398898
106452202 70458047
106452202 94111672
106452202 99387429
106452202 115436566
106452202 117948376
106452202 120208344
106452202 123121569
106452202 127618089
106452202 129631184
106452202 137027740
106452202 140203448
106452202 142391105
106452202 151222208
106452202 164804966
106452202 178581767
106452202 215980492
106452202 251261925
106765077 40703590
106765077 58338707
106765077 92500075
106765077 99822359
106765077 127684106
106765077 144319796
106765077 206923101
106765077 546135380
107512718 17711130
107512718 22462180
107512718 34428380
107512718 36475508
107512718 40981798
107512718 43003845
107512718 85716069
107512718 86173523
107512718 86561505
107512718 99712896
107512718 116498875
107512718 126391227
107512718 128260873
107512718 136046012
107512718 137156454
107512718 141368711
107512718 149680650
107512718 155951259
107512718 160053476
107512718 187773078
107512718 188108667
107512718 217506336
107512718 224688614
107512718 249830707
107512718 251261925
107512718 360245938
108766329 40981798
108766329 70492333
108766329 127684106
108766329 129631184
108766329 134548250
109390923 14230524
109390923 23277227
109390923 46904723
109390923 54725490
109390923 57426978
109390923 61352392
109390923 66398898
109390923 66661590
109390923 70458047
109390923 94111672
109390923 112178021
109390923 120208344
109390923 127618089
109390923 128260873
109390923 137027740
109390923 164804966
109390923 168193966
109390923 178581767
109390923 215980492
109390923 252668782
109568333 42253232
109568333 52473265
109568333 59630220
109568333 65096005
109568333 109390923
109568333 116099511
109568333 175830894
110253180 16854388
110253180 30478394
110253180 37060481
110253180 39805814
110253180 40355959
110253180 41469982
110253180 42253232
110253180 46750407
110253180 51613496
110253180 59630220
110253180 65096005
110253180 66409671
110253180 69349768
110253180 77607254
110253180 84903965
110253180 93051876
110253180 99631222
110253180 119217419
110253180 123121569
110253180 127684106
110253180 129631184
110253180 144319796
110253180 150273801
110253180 151222208
110253180 155989324
110253180 157137446
110253180 186182395
110253180 207601901
110253180 212329156
110253180 222248052
110253180 241957644
110253180 281222130
110708265 21572976
110708265 30478394
110708265 39000244
110708265 43186460
110708265 50884531
110708265 52473265
110708265 54725490
110708265 61352392
110708265 66398898
110708265 69033178
110708265 75721164
110708265 85687328
110708265 115436566
110708265 117948376
110708265 120208344
110708265 123121569
110708265 127618089
110708265 164804966
110708265 252668782
112178021 21572976
112178021 23277227
112178021 54725490
112178021 61352392
112178021 66398898
112178021 66661590
112178021 70458047
112178021 85687328
112178021 94111672
112178021 109390923
112178021 120208344
112178021 129631184
112178021 168193966
112178021 178581767
112178021 186688919
112178021 210188819
112178021 227678669
112178021 252668782
115436566 16854388
115436566 21572976
115436566 31294167
115436566 39793140
115436566 43186460
115436566 54725490
115436566 57426978
115436566 70458047
115436566 74548256
115436566 80096702
115436566 106452202
115436566 110708265
115436566 116099511
115436566 116245256
115436566 120208344
115436566 123121569
115436566 129631184
115436566 142391105
115436566 164804966
115436566 178581767
115436566 214202608
115436566 215980492
115436566 242362681
116099511 16854388
116099511 21572976
116099511 25689832
116099511 28628582
116099511 30478394
116099511 31294167
116099511 35065277
116099511 37060481
116099511 39793140
116099511 39805814
116099511 40355959
116099511 41469982
116099511 42253232
116099511 43607200
116099511 45435999
116099511 46750407
116099511 50884531
116099511 51613496
116099511 52473265
116099511 65096005
116099511 66409671
116099511 68207378
116099511 70458047
116099511 74548256
116099511 77607254
116099511 84903965
116099511 93051876
116099511 94111672
116099511 99631222
116099511 109568333
116099511 115436566
116099511 123121569
116099511 127618089
116099511 127684106
116099511 129631184
116099511 137027740
116099511 140203448
116099511 144319796
116099511 150273801
116099511 157137446
116099511 175830894
116099511 186182395
116099511 188045721
116099511 214202608
116099511 241957644
116245256 16854388
116245256 25689832
116245256 31294167
116245256 43186460
116245256 46750407
116245256 52473265
116245256 58356127
116245256 66398898
116245256 66409671
116245256 70458047
116245256 115436566
116245256 123121569
116245256 214202608
116245256 252668782
116498875 22462180
116498875 31414569
116498875 34428380
116498875 40981798
116498875 43003845
116498875 107512718
116498875 126391227
116498875 129631184
116498875 143169862
116498875 155661154
116498875 160053476
116498875 166214735
116498875 166811519
116498875 188108667
117793928 16854388
117793928 25689832
117793928 35065277
117793928 39805814
117793928 40355959
117793928 40703590
117793928 45435999
117793928 51613496
117793928 51828073
117793928 52473265
117793928 65096005
117793928 77607254
117793928 99631222
117793928 123121569
117793928 126666372
117793928 212329156
117793928 221413264
117793928 227678669
117948376 16854388
117948376 22465184
117948376 28628582
117948376 39000244
117948376 70242865
117948376 72097691
117948376 84903965
117948376 90497217
117948376 110708265
117948376 120208344
117948376 123121569
117948376 127618089
117948376 127684106
117948376 128260873
117948376 129631184
117948376 137027740
117948376 186688919
117948376 546135380
118570373 22465184
118570373 39000244
118570373 50884531
118570373 52473265
118570373 99631222
119217419 16854388
119217419 25689832
119217419 30478394
119217419 35065277
119217419 37060481
119217419 39805814
119217419 40355959
119217419 41469982
119217419 42253232
119217419 43607200
119217419 45435999
119217419 46750407
119217419 51613496
119217419 52473265
119217419 65096005
119217419 66409671
119217419 77607254
119217419 80096702
119217419 93051876
119217419 99631222
119217419 110253180
119217419 123121569
119217419 129631184
119217419 144319796
119217419 157137446
119217419 186182395
119217419 207601901
119217419 222248052
119217419 241957644
119217419 281222130
120208344 16854388
120208344 23277227
120208344 28628582
120208344 46750407
120208344 46904723
120208344 52473265
120208344 54725490
120208344 54947318
120208344 57426978
120208344 58356127
120208344 61352392
120208344 66661590
120208344 69483760
120208344 70458047
120208344 77607254
120208344 80096702
120208344 85687328
120208344 94111672
120208344 109390923
120208344 110708265
120208344 115436566
120208344 117948376
120208344 120627547
120208344 122481121
120208344 123121569
120208344 127618089
120208344 128260873
120208344 137027740
120208344 140203448
120208344 146250354
120208344 147999706
120208344 164804966
120208344 168193966
120208344 178581767
120208344 185331750
120208344 214202608
120208344 215980492
120208344 227678669
120208344 242362681
120208344 251261925
120627547 16854388
120627547 21068395
120627547 21572976
120627547 22462180
120627547 25689832
120627547 30478394
120627547 34428380
120627547 35065277
120627547 36475508
120627547 39000244
120627547 40981798
120627547 41469982
120627547 42253232
120627547 43003845
120627547 51543792
120627547 51613496
120627547 51828073
120627547 52473265
120627547 54611487
120627547 55917979
120627547 61352392
120627547 65096005
120627547 66409671
120627547 66661590
120627547 68207378
120627547 69349768
120627547 70492333
120627547 73252844
120627547 74548256
120627547 77607254
120627547 83307244
120627547 84903965
120627547 85716069
120627547 99631222
120627547 110708265
120627547 117948376
120627547 120208344
120627547 123121569
120627547 127684106
120627547 129631184
120627547 141368711
120627547 144319796
120627547 151222208
120627547 155989324
120627547 157137446
120627547 166724912
120627547 169108031
120627547 207601901
120627547 212329156
120627547 222248052
120627547 251261925
120666148 14230524
120666148 22462180
120666148 34428380
120666148 40981798
120666148 43003845
120666148 70492333
120666148 129631184
122481121 46750407
122481121 120208344
122481121 123121569
122874598 21068395
122874598 34428380
122874598 36475508
122874598 40981798
122874598 43003845
122874598 63600411
122874598 129631184
123121569 16854388
123121569 21572976
123121569 22465184
123121569 25689832
123121569 28628582
123121569 30478394
123121569 31294167
123121569 35065277
123121569 37060481
123121569 39000244
123121569 39622856
123121569 39793140
123121569 39805814
123121569 41469982
123121569 42253232
123121569 43186460
123121569 43607200
123121569 45435999
123121569 46248613
123121569 50884531
123121569 51613496
123121569 51828073
123121569 52473265
123121569 53524177
123121569 57426978
123121569 57701952
123121569 58356127
123121569 65096005
123121569 65370547
123121569 66190348
123121569 66409671
123121569 66661590
123121569 68207378
123121569 69349768
123121569 70458047
123121569 74548256
123121569 75721164
123121569 77607254
123121569 84903965
123121569 93051876
123121569 99631222
123121569 110253180
123121569 110708265
123121569 115436566
123121569 116099511
123121569 116245256
123121569 117793928
123121569 117948376
123121569 119217419
123121569 120208344
123121569 120627547
123121569 122481121
123121569 127618089
123121569 127684106
123121569 129631184
123121569 137027740
123121569 140203448
123121569 142391105
123121569 144319796
123121569 151222208
123121569 155989324
123121569 157137446
123121569 164804966
123121569 166724912
123121569 175830894
123121569 178581767
123121569 207601901
123121569 214202608
123121569 215980492
123121569 222248052
123121569 241957644
123121569 357331432
126391227 17711130
126391227 22462180
126391227 34428380
126391227 40981798
126391227 43003845
126391227 70492333
126391227 85716069
126391227 86173523
126391227 107512718
126391227 116498875
126391227 129631184
126391227 131369976
126391227 134548250
126391227 141368711
126391227 143169862
126391227 155661154
126391227 155951259
126391227 224688614
126391227 249830707
126666372 23277227
126666372 66661590
126666372 85687328
126666372 126915142
126666372 164804966
126666372 242362681
126915142 23277227
126915142 66661590
126915142 109390923
126915142 110708265
126915142 126666372
126915142 178581767
126915142 185331750
126915142 186688919
126915142 210188819
126915142 227678669
127545984 17130127
127545984 30552541
127545984 66661590
127618089 16854388
127618089 21572976
127618089 22465184
127618089 23277227
127618089 39000244
127618089 51613496
127618089 52473265
127618089 54947318
127618089 58356127
127618089 61352392
127618089 66661590
127618089 73793971
127618089 74548256
127618089 80096702
127618089 84903965
127618089 85687328
127618089 99387429
127618089 109390923
127618089 110708265
127618089 116099511
127618089 117948376
127618089 120208344
127618089 123121569
127618089 128260873
127618089 129631184
127618089 137027740
127618089 140203448
127618089 157137446
127618089 168193966
127618089 185331750
127618089 188045721
127618089 215980492
127618089 252668782
127684106 16854388
127684106 25689832
127684106 30478394
127684106 37060481
127684106 39000244
127684106 39622856
127684106 39805814
127684106 40703590
127684106 41469982
127684106 41870991
127684106 42253232
127684106 43180035
127684106 43607200
127684106 51543792
127684106 51613496
127684106 54611487
127684106 59630220
127684106 63169333
127684106 65096005
127684106 66190348
127684106 69349768
127684106 70458047
127684106 70492333
127684106 74548256
127684106 75721164
127684106 77607254
127684106 84903965
127684106 89463324
127684106 106142776
127684106 106765077
127684106 108766329
127684106 110253180
127684106 116099511
127684106 117948376
127684106 120627547
127684106 123121569
127684106 129631184
127684106 133783957
127684106 144319796
127684106 151222208
127684106 155989324
127684106 156004026
127684106 157137446
127684106 161465015
127684106 168834731
127684106 175830894
127684106 186182395
127684106 188045721
127684106 212329156
127684106 241957644
127684106 242362681
128260873 22465184
128260873 36475508
128260873 54725490
128260873 57426978
128260873 61352392
128260873 66661590
128260873 70458047
128260873 107512718
128260873 109390923
128260873 117948376
128260873 120208344
128260873 127618089
128260873 137027740
128260873 142715837
128260873 164804966
128260873 178581767
128260873 215980492
128260873 251261925
129267461 52934833
129267461 54725490
129267461 66190348
129267461 66661590
129267461 70458047
129267461 77607254
129267461 129631184
129267461 186688919
129631184 16854388
129631184 23277227
129631184 25689832
129631184 30478394
129631184 34046028
129631184 35065277
129631184 36475508
129631184 37060481
129631184 39000244
129631184 39622856
129631184 39805814
129631184 40355959
129631184 41469982
129631184 42253232
129631184 43180035
129631184 43186460
129631184 43607200
129631184 45435999
129631184 46248613
129631184 51543792
129631184 51613496
129631184 51828073
129631184 52094943
129631184 52473265
129631184 52934833
129631184 54611487
129631184 55917979
129631184 57426978
129631184 57701952
129631184 59630220
129631184 63169333
129631184 63600411
129631184 64532921
129631184 65096005
129631184 65370547
129631184 66190348
129631184 66409671
129631184 69349768
129631184 70242865
129631184 70458047
129631184 73793971
129631184 74548256
129631184 75721164
129631184 77607254
129631184 78384692
129631184 80096702
129631184 84903965
129631184 91884854
129631184 99387429
129631184 99631222
129631184 106142776
129631184 106452202
129631184 108766329
129631184 110253180
129631184 112178021
129631184 115436566
129631184 116099511
129631184 116498875
129631184 117948376
129631184 119217419
129631184 120627547
129631184 120666148
129631184 122874598
129631184 123121569
129631184 126391227
129631184 127618089
129631184 127684106
129631184 129267461
129631184 134548250
129631184 139872488
129631184 142391105
129631184 143169862
129631184 144319796
129631184 149680650
129631184 150273565
129631184 151222208
129631184 155989324
129631184 157137446
129631184 164804966
129631184 166724912
129631184 166811519
129631184 168193966
129631184 175830894
129631184 178581767
129631184 184052865
129631184 186182395
129631184 188045721
129631184 188108667
129631184 207601901
129631184 210188819
129631184 212329156
129631184 214106450
129631184 214202608
129631184 215980492
129631184 221413264
129631184 241957644
129631184 242362681
129631184 251261925
129631184 309861288
129631184 357331432
131369976 22462180
131369976 34428380
131369976 40981798
131369976 43003845
131369976 85716069
131369976 126391227
131369976 129631184
131369976 134548250
131369976 139872488
131369976 155951259
131369976 166811519
133783957 51543792
133783957 54611487
133783957 127684106
133783957 161465015
134548250 21068395
134548250 22462180
134548250 34428380
134548250 40981798
134548250 43003845
134548250 70492333
134548250 85716069
134548250 108766329
134548250 126391227
134548250 129631184
134548250 131369976
134548250 139872488
134548250 143169862
134548250 155661154
134548250 155951259
134548250 166811519
134548250 188108667
136046012 21068395
136046012 22462180
136046012 34428380
136046012 36475508
136046012 40981798
136046012 43003845
136046012 53496283
136046012 70492333
136046012 74860418
136046012 85716069
136046012 86173523
136046012 86561505
136046012 107512718
136046012 116498875
136046012 120666148
136046012 134548250
136046012 137156454
136046012 139872488
136046012 143169862
136046012 149680650
136046012 155661154
136046012 155951259
136046012 166811519
136046012 171324921
136046012 184097849
136046012 188108667
136046012 217506336
136046012 224688614
136046012 251261925
137027740 21572976
137027740 31294167
137027740 40703590
137027740 52473265
137027740 54725490
137027740 57426978
137027740 70188615
137027740 70458047
137027740 80096702
137027740 94111672
137027740 109390923
137027740 116099511
137027740 117948376
137027740 120208344
137027740 123121569
137027740 127618089
137027740 128260873
137027740 168193966
137027740 175830894
137027740 215980492
137156454 14230524
137156454 22462180
137156454 34428380
137156454 40981798
137156454 43003845
137156454 70492333
137156454 74860418
137156454 85716069
137156454 86173523
137156454 107512718
137156454 116498875
137156454 120666148
137156454 129631184
137156454 134548250
137156454 136046012
137156454 139872488
137156454 143169862
137156454 149657313
137156454 149680650
137156454 150273565
137156454 155661154
137156454 160053476
137156454 171324921
137156454 175431001
137156454 184097849
137156454 188108667
137156454 224688614
137156454 251261925
139872488 14230524
139872488 21068395
139872488 22462180
139872488 34428380
139872488 40981798
139872488 43003845
139872488 70492333
139872488 85716069
139872488 116498875
139872488 120666148
139872488 129631184
139872488 131369976
139872488 134548250
139872488 136046012
139872488 137156454
139872488 149657313
139872488 149680650
139872488 155661154
139872488 155951259
139872488 166811519
139872488 175431001
140203448 16854388
140203448 28628582
140203448 40355959
140203448 46750407
140203448 50884531
140203448 51613496
140203448 52473265
140203448 65370547
140203448 70458047
140203448 72097691
140203448 99631222
140203448 106452202
140203448 116099511
140203448 120208344
140203448 123121569
140203448 127618089
140203448 157137446
141368711 36475508
141368711 51543792
141368711 70492333
141368711 83307244
141368711 86561505
141368711 120627547
141368711 126391227
141368711 127684106
141368711 129631184
141368711 133783957
141368711 161465015
141368711 188108667
142391105 18504495
142391105 43180035
142391105 61352392
142391105 69033178
142391105 69349768
142391105 70242865
142391105 80096702
142391105 106452202
142391105 115436566
142391105 123121569
142391105 129631184
142391105 164804966
142391105 184052865
142391105 210188819
142715837 22462180
142715837 30478394
142715837 34428380
142715837 40981798
142715837 43003845
142715837 43429151
142715837 46904723
142715837 52473265
142715837 54725490
142715837 57426978
142715837 61352392
142715837 64532921
142715837 66661590
142715837 69944557
142715837 70458047
142715837 85716069
142715837 109390923
142715837 110708265
142715837 120208344
142715837 127618089
142715837 128260873
142715837 206923101
143169862 22462180
143169862 34428380
143169862 40981798
143169862 43003845
143169862 85716069
143169862 116498875
143169862 126391227
143169862 129631184
143169862 136046012
143169862 137156454
143169862 149657313
143169862 150273565
143169862 155661154
143169862 155951259
143169862 166214735
143169862 166811519
143169862 175431001
144319796 16854388
144319796 25689832
144319796 30478394
144319796 37060481
144319796 39622856
144319796 39805814
144319796 41469982
144319796 42253232
144319796 43607200
144319796 45435999
144319796 46750407
144319796 51613496
144319796 51828073
144319796 52473265
144319796 65096005
144319796 68207378
144319796 77607254
144319796 84903965
144319796 93051876
144319796 98809160
144319796 99631222
144319796 106765077
144319796 110253180
144319796 116099511
144319796 119217419
144319796 120627547
144319796 123121569
144319796 127684106
144319796 129631184
144319796 155989324
144319796 157137446
144319796 175830894
144319796 186182395
144319796 207601901
144319796 212329156
144319796 222248052
144319796 241957644
144319796 281222130
144319796 357331432
146250354 28628582
146250354 61352392
146250354 69349768
146250354 70458047
146250354 120208344
146250354 147999706
146250354 227678669
147999706 28628582
147999706 31294167
147999706 69483760
147999706 75721164
147999706 120208344
147999706 146250354
147999706 175830894
149657313 21068395
149657313 22462180
149657313 34428380
149657313 36475508
149657313 40981798
149657313 43003845
149657313 70492333
149657313 107512718
149657313 116498875
149657313 126391227
149657313 129631184
149657313 134548250
149657313 136046012
149657313 137156454
149657313 139872488
149657313 143169862
149657313 149680650
149657313 150273565
149657313 155661154
149657313 155951259
149657313 166811519
149657313 171324921
149657313 175431001
149680650 21068395
149680650 22462180
149680650 34428380
149680650 40981798
149680650 43003845
149680650 76990669
149680650 85716069
149680650 86173523
149680650 107512718
149680650 129631184
149680650 136046012
149680650 137156454
149680650 150273565
149680650 155661154
149680650 160053476
149680650 164804966
149680650 224688614
149680650 251261925
149957548 16854388
149957548 51613496
149957548 84903965
149957548 96469436
149957548 169108031
149957548 241957644
150273565 22462180
150273565 34428380
150273565 40981798
150273565 43003845
150273565 70492333
150273565 85716069
150273565 99712896
150273565 116498875
150273565 120666148
150273565 129631184
150273565 131369976
150273565 134548250
150273565 136046012
150273565 137156454
150273565 139872488
150273565 143169862
150273565 149657313
150273565 149680650
150273565 155661154
150273565 155951259
150273565 166214735
150273565 166811519
150273565 175431001
150273565 184097849
150273565 188108667
150273801 16854388
150273801 25689832
150273801 46750407
150273801 50884531
150273801 52473265
150273801 99631222
150273801 110253180
150273801 116099511
150273801 157137446
151222208 16854388
151222208 35065277
151222208 37060481
151222208 39000244
151222208 39622856
151222208 43186460
151222208 51543792
151222208 51613496
151222208 51828073
151222208 52473265
151222208 53452510
151222208 54611487
151222208 65096005
151222208 68567671
151222208 69349768
151222208 74548256
151222208 84903965
151222208 93051876
151222208 93257977
151222208 96469436
151222208 99631222
151222208 106452202
151222208 110253180
151222208 116245256
151222208 120627547
151222208 123121569
151222208 127684106
151222208 129631184
151222208 166724912
151222208 186182395
151222208 212329156
151222208 221413264
151222208 311123328
151222208 336564384
151222208 357331432
155661154 14230524
155661154 22462180
155661154 34428380
155661154 40981798
155661154 43003845
155661154 53496283
155661154 56449726
155661154 70492333
155661154 74860418
155661154 85716069
155661154 116498875
155661154 120666148
155661154 126391227
155661154 129631184
155661154 131369976
155661154 134548250
155661154 136046012
155661154 137156454
155661154 139872488
155661154 143169862
155661154 149680650
155661154 150273565
155661154 155951259
155661154 166811519
155661154 175431001
155661154 184097849
155661154 188108667
155951259 14230524
155951259 21068395
155951259 22462180
155951259 34428380
155951259 40981798
155951259 43003845
155951259 50766536
155951259 70492333
155951259 74860418
155951259 85716069
155951259 86173523
155951259 107512718
155951259 116498875
155951259 120666148
155951259 126391227
155951259 127684106
155951259 131369976
155951259 134548250
155951259 136046012
155951259 139872488
155951259 143169862
155951259 149657313
155951259 150273565
155951259 155661154
155951259 166214735
155951259 166811519
155951259 187773078
155989324 16854388
155989324 25689832
155989324 30478394
155989324 37060481
155989324 39622856
155989324 39805814
155989324 40355959
155989324 41469982
155989324 42253232
155989324 46750407
155989324 51543792
155989324 51828073
155989324 54611487
155989324 65096005
155989324 66409671
155989324 68207378
155989324 74548256
155989324 77607254
155989324 84903965
155989324 99631222
155989324 110253180
155989324 120627547
155989324 123121569
155989324 127684106
155989324 129631184
155989324 144319796
155989324 157137446
155989324 166724912
155989324 186182395
155989324 186688919
155989324 212329156
155989324 221413264
155989324 241957644
156004026 14230524
156004026 40981798
156004026 127684106
157137446 14230524
157137446 16854388
157137446 22542097
157137446 25689832
157137446 28628582
157137446 31294167
157137446 37060481
157137446 39622856
157137446 39805814
157137446 40355959
157137446 41469982
157137446 42253232
157137446 45435999
157137446 46750407
157137446 50884531
157137446 51828073
157137446 52473265
157137446 57701952
157137446 65096005
157137446 65370547
157137446 66190348
157137446 66409671
157137446 68207378
157137446 73793971
157137446 74548256
157137446 77607254
157137446 84903965
157137446 93051876
157137446 99631222
157137446 110253180
157137446 116099511
157137446 119217419
157137446 123121569
157137446 127618089
157137446 127684106
157137446 129631184
157137446 140203448
157137446 144319796
157137446 150273801
157137446 155989324
157137446 166724912
157137446 186182395
157137446 207601901
157137446 212329156
157137446 214202608
157137446 222248052
157137446 241957644
157137446 281222130
157137446 357331432
157137446 374052936
158800506 23277227
158800506 40703590
158800506 54725490
158800506 109390923
158800506 128260873
160053476 22462180
160053476 34428380
160053476 36475508
160053476 40981798
160053476 43003845
160053476 57426978
160053476 70492333
160053476 85716069
160053476 86173523
160053476 107512718
160053476 116498875
160053476 137156454
160053476 149680650
160053476 155661154
160053476 164804966
160053476 184097849
160053476 187773078
160053476 188108667
160053476 217506336
160053476 251261925
160053476 360245938
161465015 51543792
161465015 54611487
161465015 127684106
161465015 133783957
161465015 141368711
161465015 156004026
164804966 16854388
164804966 21572976
164804966 36475508
164804966 39000244
164804966 43180035
164804966 52934833
164804966 54725490
164804966 55917979
164804966 57426978
164804966 61352392
164804966 66661590
164804966 70458047
164804966 78702020
164804966 80096702
164804966 85716069
164804966 94111672
164804966 109390923
164804966 110708265
164804966 115436566
164804966 120208344
164804966 123121569
164804966 126666372
164804966 128260873
164804966 129631184
164804966 149680650
164804966 168193966
164804966 215980492
164804966 242362681
164804966 251261925
166214735 22462180
166214735 34428380
166214735 40981798
166214735 43003845
166214735 50766536
166214735 70492333
166214735 108766329
166214735 116498875
166214735 127684106
166214735 129631184
166214735 134548250
166214735 143169862
166214735 149657313
166214735 150273565
166214735 155661154
166214735 155951259
166214735 175431001
166214735 184097849
166214735 187773078
166724912 16854388
166724912 25689832
166724912 30478394
166724912 35065277
166724912 39622856
166724912 41469982
166724912 42253232
166724912 51543792
166724912 51613496
166724912 52473265
166724912 59630220
166724912 65096005
166724912 68207378
166724912 74548256
166724912 77607254
166724912 84903965
166724912 94111672
166724912 120627547
166724912 123121569
166724912 127684106
166724912 129631184
166724912 151222208
166724912 155989324
166724912 157137446
166724912 212329156
166724912 221413264
166811519 21068395
166811519 22462180
166811519 34428380
166811519 36475508
166811519 40981798
166811519 43003845
166811519 53496283
166811519 70492333
166811519 85716069
166811519 107512718
166811519 116498875
166811519 129631184
166811519 134548250
166811519 136046012
166811519 139872488
166811519 143169862
166811519 149657313
166811519 149680650
166811519 155661154
166811519 155951259
166811519 166214735
166811519 171324921
166811519 175431001
166811519 184097849
166811519 187773078
166811519 188108667
168193966 23277227
168193966 43186460
168193966 43429151
168193966 46904723
168193966 54725490
168193966 57426978
168193966 61352392
168193966 69483760
168193966 70188615
168193966 70458047
168193966 80096702
168193966 85687328
168193966 94111672
168193966 99387429
168193966 109390923
168193966 112178021
168193966 120208344
168193966 127618089
168193966 129631184
168193966 137027740
168193966 164804966
168193966 178581767
168193966 185331750
168193966 215980492
168834731 51543792
168834731 54611487
168834731 127684106
169108031 43186460
169108031 66398898
169108031 74548256
169108031 120627547
169108031 149957548
169108031 252668782
171324921 22462180
171324921 34428380
171324921 36475508
171324921 40981798
171324921 43003845
171324921 120627547
171324921 137156454
171324921 149657313
175431001 14230524
175431001 22462180
175431001 34428380
175431001 36475508
175431001 40981798
175431001 43003845
175431001 70492333
175431001 74860418
175431001 85716069
175431001 108766329
175431001 120666148
175431001 126391227
175431001 131369976
175431001 136046012
175431001 137156454
175431001 139872488
175431001 143169862
175431001 149657313
175431001 149680650
175431001 150273565
175431001 155661154
175431001 155951259
175431001 166811519
175431001 184097849
175431001 188108667
175830894 39805814
175830894 42253232
175830894 52473265
175830894 57426978
175830894 59630220
175830894 65096005
175830894 77607254
175830894 99387429
175830894 99631222
175830894 109568333
175830894 116099511
175830894 123121569
175830894 127684106
175830894 129631184
175830894 137027740
175830894 144319796
175830894 147999706
177522486 21572976
177522486 57426978
177522486 72519886
177522486 129631184
177522486 215980492
178581767 43607200
178581767 54725490
178581767 66661590
178581767 94111672
178581767 106142776
178581767 106452202
178581767 109390923
178581767 115436566
178581767 120208344
178581767 123121569
178581767 126915142
178581767 128260873
178581767 129631184
178581767 168193966
178581767 186688919
178581767 215980492
178581767 252668782
184052865 129631184
184052865 142391105
184052865 215980492
184097849 14230524
184097849 21068395
184097849 22462180
184097849 34428380
184097849 40981798
184097849 53496283
184097849 70492333
184097849 74860418
184097849 85716069
184097849 86173523
184097849 99712896
184097849 116498875
184097849 126391227
184097849 129631184
184097849 131369976
184097849 134548250
184097849 136046012
184097849 137156454
184097849 139872488
184097849 143169862
184097849 149657313
184097849 150273565
184097849 155661154
184097849 155951259
184097849 160053476
184097849 166811519
184097849 175431001
184097849 188108667
185331750 16854388
185331750 39000244
185331750 40703590
185331750 57426978
185331750 94111672
185331750 110708265
185331750 127618089
185331750 168193966
185331750 227678669
185331750 546135380
186688919 46904723
186688919 54725490
186688919 80096702
186688919 112178021
186688919 117948376
186688919 126915142
186688919 129267461
186688919 155989324
186688919 178581767
187773078 22462180
187773078 34428380
187773078 36475508
187773078 40981798
187773078 43003845
187773078 85716069
187773078 107512718
187773078 160053476
187773078 251261925
188045721 18504495
188045721 57426978
188045721 61352392
188045721 110708265
188045721 116099511
188045721 127618089
188045721 127684106
188045721 129631184
188045721 137027740
188045721 164804966
188108667 14230524
188108667 21068395
188108667 22462180
188108667 34428380
188108667 36475508
188108667 40981798
188108667 43003845
188108667 53496283
188108667 70492333
188108667 74860418
188108667 85716069
188108667 86173523
188108667 99712896
188108667 107512718
188108667 116498875
188108667 120666148
188108667 126391227
188108667 129631184
188108667 131369976
188108667 134548250
188108667 136046012
188108667 137156454
188108667 139872488
188108667 141368711
188108667 143169862
188108667 149657313
188108667 149680650
188108667 150273565
188108667 155661154
188108667 155951259
188108667 160053476
188108667 166214735
188108667 166811519
188108667 171324921
188108667 175431001
188108667 184097849
188108667 187773078
188108667 217506336
188108667 224688614
188108667 251261925
203187792 52473265
203187792 57426978
203187792 110708265
203187792 164804966
203187792 227678669
203187792 546135380
203893499 17130127
203893499 39000244
206923101 34046028
206923101 40703590
206923101 41870991
206923101 106142776
206923101 106765077
207601901 16854388
207601901 25689832
207601901 30478394
207601901 35065277
207601901 37060481
207601901 39622856
207601901 40355959
207601901 41469982
207601901 42253232
207601901 46750407
207601901 51613496
207601901 65096005
207601901 66409671
207601901 77607254
207601901 84903965
207601901 99631222
207601901 110253180
207601901 118570373
207601901 119217419
207601901 120627547
207601901 123121569
207601901 129631184
207601901 144319796
207601901 150273801
207601901 157137446
207601901 241957644
207601901 357331432
210188819 40703590
210188819 46750407
210188819 57426978
210188819 66398898
210188819 66661590
210188819 70458047
210188819 85687328
210188819 94111672
210188819 99631222
210188819 109390923
210188819 110708265
210188819 112178021
210188819 126915142
210188819 127618089
210188819 128260873
210188819 129631184
210188819 142391105
210188819 164804966
210188819 168193966
210188819 185331750
210188819 215980492
210188819 242362681
212329156 16854388
212329156 21572976
212329156 37060481
212329156 39000244
212329156 39622856
212329156 41469982
212329156 42253232
212329156 46750407
212329156 51613496
212329156 51828073
212329156 66398898
212329156 74548256
212329156 84903965
212329156 110253180
212329156 110708265
212329156 117793928
212329156 127684106
212329156 129631184
212329156 144319796
212329156 151222208
212329156 155989324
212329156 157137446
212329156 166724912
212329156 221413264
212329156 241957644
212329156 252668782
212329156 336564384
212329156 357331432
214106450 34046028
214106450 40703590
214106450 43180035
214106450 69995907
214106450 72097691
214106450 92782231
214106450 106142776
214106450 129631184
215980492 46904723
215980492 54725490
215980492 57426978
215980492 61352392
215980492 66398898
215980492 66661590
215980492 70458047
215980492 94111672
215980492 109390923
215980492 115436566
215980492 120208344
215980492 127618089
215980492 128260873
215980492 129631184
215980492 137027740
215980492 164804966
215980492 168193966
215980492 178581767
215980492 252668782
217506336 22462180
217506336 34428380
217506336 36475508
217506336 40981798
217506336 43003845
217506336 99712896
217506336 116498875
217506336 136046012
217506336 149680650
217506336 160053476
217506336 188108667
217506336 249830707
221413264 16854388
221413264 41469982
221413264 42253232
221413264 51828073
221413264 59630220
221413264 84903965
221413264 117793928
221413264 129631184
221413264 151222208
221413264 155989324
221413264 166724912
221413264 212329156
221413264 241957644
221413264 357331432
224688614 17711130
224688614 21068395
224688614 22462180
224688614 34428380
224688614 36475508
224688614 40981798
224688614 43003845
224688614 85716069
224688614 86173523
224688614 99712896
224688614 116498875
224688614 126391227
224688614 136046012
224688614 137156454
224688614 149680650
224688614 155951259
224688614 160053476
224688614 166811519
224688614 187773078
224688614 249830707
227678669 23277227
227678669 46904723
227678669 54725490
227678669 57426978
227678669 69033178
227678669 94111672
241957644 16854388
241957644 30478394
241957644 39805814
241957644 40355959
241957644 41469982
241957644 42253232
241957644 51613496
241957644 51828073
241957644 65096005
241957644 74548256
241957644 84903965
241957644 93051876
241957644 99631222
241957644 110253180
241957644 119217419
241957644 123121569
241957644 127684106
241957644 129631184
241957644 144319796
241957644 149957548
241957644 155989324
241957644 157137446
241957644 186182395
241957644 207601901
241957644 212329156
241957644 221413264
241957644 357331432
242362681 21572976
242362681 66398898
242362681 115436566
242362681 120208344
242362681 126666372
242362681 127684106
242362681 129631184
242362681 164804966
249830707 17711130
249830707 22462180
249830707 36475508
249830707 40981798
249830707 43003845
249830707 85716069
249830707 86561505
249830707 126391227
249830707 136046012
249830707 137156454
249830707 160053476
249830707 188108667
249830707 217506336
249830707 224688614
249830707 251261925
251261925 21068395
251261925 21572976
251261925 22462180
251261925 34428380
251261925 36475508
251261925 40981798
251261925 43003845
251261925 66398898
251261925 80096702
251261925 86173523
251261925 86561505
251261925 106452202
251261925 107512718
251261925 120208344
251261925 128260873
251261925 129631184
251261925 136046012
251261925 149680650
251261925 160053476
251261925 164804966
251261925 186688919
251261925 187773078
251261925 188108667
251261925 252668782
251261925 360245938
252668782 22462180
252668782 34428380
252668782 40981798
252668782 43003845
252668782 43186460
252668782 43429151
252668782 51828073
252668782 66398898
252668782 66661590
252668782 70458047
252668782 109390923
252668782 110708265
252668782 116245256
252668782 127618089
252668782 178581767
252668782 214202608
252668782 215980492
252668782 251261925
268914056 28628582
268914056 30723701
268914056 31294167
268914056 39793140
268914056 49148265
268914056 52473265
268914056 53524177
268914056 58356127
268914056 70458047
268914056 71614377
268914056 214202608
281222130 16854388
281222130 25689832
281222130 37060481
281222130 39805814
281222130 43607200
281222130 45435999
281222130 51613496
281222130 53452510
281222130 57701952
281222130 77607254
281222130 93051876
281222130 110253180
281222130 119217419
281222130 144319796
281222130 157137446
281222130 186182395
281222130 222248052
281222130 357331432
309861288 129631184
311123328 68567671
311123328 151222208
311123328 357331432
336564384 212329156
357331432 16854388
357331432 30478394
357331432 40355959
357331432 41469982
357331432 42253232
357331432 51613496
357331432 51828073
357331432 52473265
357331432 65096005
357331432 99631222
357331432 123121569
357331432 127684106
357331432 129631184
357331432 144319796
357331432 151222208
357331432 157137446
357331432 207601901
357331432 212329156
357331432 215980492
357331432 221413264
357331432 241957644
357331432 281222130
357331432 375857150
360245938 22462180
360245938 31414569
360245938 34428380
360245938 36475508
360245938 40981798
360245938 43003845
360245938 85716069
360245938 107512718
360245938 160053476
360245938 187773078
360245938 251261925
374052936 14230524
375857150 59630220
447502799 227678669
